femx_time_obs_data

num_levels 10

time_values
  0
  0.11111111111111116
  0.22222222222222232
  0.33333333333333326
  0.44444444444444442
  0.55555555555555558
  0.66666666666666652
  0.77777777777777768
  0.88888888888888884
  1

num_points 136
points
  -0.01523076923076923 -0.0014399999999999999 0
  -0.014307692307692306 -0.0014399999999999999 0
  -0.013384615384615384 -0.0014399999999999999 0
  -0.012461538461538461 -0.0014399999999999999 0
  -0.011538461538461537 -0.0014399999999999999 0
  -0.010615384615384613 -0.0014399999999999999 0
  -0.0096923076923076928 -0.0014399999999999999 0
  -0.0087692307692307687 -0.0014399999999999999 0
  -0.0078461538461538465 -0.0014399999999999999 0
  -0.0069230769230769224 -0.0014399999999999999 0
  -0.0060000000000000001 -0.0014399999999999999 0
  -0.0050769230769230761 -0.0014399999999999999 0
  -0.0041538461538461538 -0.0014399999999999999 0
  -0.0032307692307692298 -0.0014399999999999999 0
  -0.0023076923076923057 -0.0014399999999999999 0
  -0.0013846153846153869 -0.0014399999999999999 0
  -0.00046153846153846115 -0.0014399999999999999 0
  0.00046153846153846115 -0.0014399999999999999 0
  0.0013846153846153834 -0.0014399999999999999 0
  0.0023076923076923057 -0.0014399999999999999 0
  0.0032307692307692315 -0.0014399999999999999 0
  0.0041538461538461538 -0.0014399999999999999 0
  0.0050769230769230761 -0.0014399999999999999 0
  0.0059999999999999984 -0.0014399999999999999 0
  0.0069230769230769242 -0.0014399999999999999 0
  0.0078461538461538465 -0.0014399999999999999 0
  0.0087692307692307653 -0.0014399999999999999 0
  0.009692307692307691 -0.0014399999999999999 0
  0.010615384615384613 -0.0014399999999999999 0
  0.011538461538461539 -0.0014399999999999999 0
  0.012461538461538461 -0.0014399999999999999 0
  0.013384615384615387 -0.0014399999999999999 0
  0.014307692307692309 -0.0014399999999999999 0
  0.015230769230769225 -0.0014399999999999999 0
  -0.01523076923076923 -0.00047999999999999996 0
  -0.014307692307692306 -0.00047999999999999996 0
  -0.013384615384615384 -0.00047999999999999996 0
  -0.012461538461538461 -0.00047999999999999996 0
  -0.011538461538461537 -0.00047999999999999996 0
  -0.010615384615384613 -0.00047999999999999996 0
  -0.0096923076923076928 -0.00047999999999999996 0
  -0.0087692307692307687 -0.00047999999999999996 0
  -0.0078461538461538465 -0.00047999999999999996 0
  -0.0069230769230769224 -0.00047999999999999996 0
  -0.0060000000000000001 -0.00047999999999999996 0
  -0.0050769230769230761 -0.00047999999999999996 0
  -0.0041538461538461538 -0.00047999999999999996 0
  -0.0032307692307692298 -0.00047999999999999996 0
  -0.0023076923076923057 -0.00047999999999999996 0
  -0.0013846153846153869 -0.00047999999999999996 0
  -0.00046153846153846115 -0.00047999999999999996 0
  0.00046153846153846115 -0.00047999999999999996 0
  0.0013846153846153834 -0.00047999999999999996 0
  0.0023076923076923057 -0.00047999999999999996 0
  0.0032307692307692315 -0.00047999999999999996 0
  0.0041538461538461538 -0.00047999999999999996 0
  0.0050769230769230761 -0.00047999999999999996 0
  0.0059999999999999984 -0.00047999999999999996 0
  0.0069230769230769242 -0.00047999999999999996 0
  0.0078461538461538465 -0.00047999999999999996 0
  0.0087692307692307653 -0.00047999999999999996 0
  0.009692307692307691 -0.00047999999999999996 0
  0.010615384615384613 -0.00047999999999999996 0
  0.011538461538461539 -0.00047999999999999996 0
  0.012461538461538461 -0.00047999999999999996 0
  0.013384615384615387 -0.00047999999999999996 0
  0.014307692307692309 -0.00047999999999999996 0
  0.015230769230769225 -0.00047999999999999996 0
  -0.01523076923076923 0.00047999999999999996 0
  -0.014307692307692306 0.00047999999999999996 0
  -0.013384615384615384 0.00047999999999999996 0
  -0.012461538461538461 0.00047999999999999996 0
  -0.011538461538461537 0.00047999999999999996 0
  -0.010615384615384613 0.00047999999999999996 0
  -0.0096923076923076928 0.00047999999999999996 0
  -0.0087692307692307687 0.00047999999999999996 0
  -0.0078461538461538465 0.00047999999999999996 0
  -0.0069230769230769224 0.00047999999999999996 0
  -0.0060000000000000001 0.00047999999999999996 0
  -0.0050769230769230761 0.00047999999999999996 0
  -0.0041538461538461538 0.00047999999999999996 0
  -0.0032307692307692298 0.00047999999999999996 0
  -0.0023076923076923057 0.00047999999999999996 0
  -0.0013846153846153869 0.00047999999999999996 0
  -0.00046153846153846115 0.00047999999999999996 0
  0.00046153846153846115 0.00047999999999999996 0
  0.0013846153846153834 0.00047999999999999996 0
  0.0023076923076923057 0.00047999999999999996 0
  0.0032307692307692315 0.00047999999999999996 0
  0.0041538461538461538 0.00047999999999999996 0
  0.0050769230769230761 0.00047999999999999996 0
  0.0059999999999999984 0.00047999999999999996 0
  0.0069230769230769242 0.00047999999999999996 0
  0.0078461538461538465 0.00047999999999999996 0
  0.0087692307692307653 0.00047999999999999996 0
  0.009692307692307691 0.00047999999999999996 0
  0.010615384615384613 0.00047999999999999996 0
  0.011538461538461539 0.00047999999999999996 0
  0.012461538461538461 0.00047999999999999996 0
  0.013384615384615387 0.00047999999999999996 0
  0.014307692307692309 0.00047999999999999996 0
  0.015230769230769225 0.00047999999999999996 0
  -0.01523076923076923 0.0014399999999999999 0
  -0.014307692307692306 0.0014399999999999999 0
  -0.013384615384615384 0.0014399999999999999 0
  -0.012461538461538461 0.0014399999999999999 0
  -0.011538461538461537 0.0014399999999999999 0
  -0.010615384615384613 0.0014399999999999999 0
  -0.0096923076923076928 0.0014399999999999999 0
  -0.0087692307692307687 0.0014399999999999999 0
  -0.0078461538461538465 0.0014399999999999999 0
  -0.0069230769230769224 0.0014399999999999999 0
  -0.0060000000000000001 0.0014399999999999999 0
  -0.0050769230769230761 0.0014399999999999999 0
  -0.0041538461538461538 0.0014399999999999999 0
  -0.0032307692307692298 0.0014399999999999999 0
  -0.0023076923076923057 0.0014399999999999999 0
  -0.0013846153846153869 0.0014399999999999999 0
  -0.00046153846153846115 0.0014399999999999999 0
  0.00046153846153846115 0.0014399999999999999 0
  0.0013846153846153834 0.0014399999999999999 0
  0.0023076923076923057 0.0014399999999999999 0
  0.0032307692307692315 0.0014399999999999999 0
  0.0041538461538461538 0.0014399999999999999 0
  0.0050769230769230761 0.0014399999999999999 0
  0.0059999999999999984 0.0014399999999999999 0
  0.0069230769230769242 0.0014399999999999999 0
  0.0078461538461538465 0.0014399999999999999 0
  0.0087692307692307653 0.0014399999999999999 0
  0.009692307692307691 0.0014399999999999999 0
  0.010615384615384613 0.0014399999999999999 0
  0.011538461538461539 0.0014399999999999999 0
  0.012461538461538461 0.0014399999999999999 0
  0.013384615384615387 0.0014399999999999999 0
  0.014307692307692309 0.0014399999999999999 0
  0.015230769230769225 0.0014399999999999999 0

num_components 2
components
  0
  1

values
  level 0
    0.009739481896633137 -0.0003750758371321558
    0.010348864600970308 -0.00033847547668662212
    0.010826879830941188 -0.00012382188341551769
    0.010873263847013901 5.8508162883819676e-05
    0.010655057759211856 0.00011603427946758812
    0.010387854225102725 8.6530503375381362e-05
    0.01018592443043771 7.5321988969548472e-05
    0.010028156790455409 5.2277664829955446e-05
    0.0099188751140420073 3.4115957034552675e-05
    0.0098624428305158791 1.5235554457837997e-05
    0.00985728284063404 -6.8146026687148432e-06
    0.0099025573109298125 -3.0409873087427232e-05
    0.010017883470278864 -4.7909296417004269e-05
    0.010151642591162795 -6.7136758991661095e-05
    0.010315806373163179 -6.7098646942616489e-05
    0.01046462240891758 -5.4030587317637567e-05
    0.010599679333501269 -3.3227342543893938e-05
    0.010659370620095131 -2.6016848397229432e-05
    0.010695282855360127 2.4429439546944831e-06
    0.010699022823577799 2.0796164584183747e-06
    0.010697364638700933 -3.3334305487913731e-06
    0.010679343157524453 -4.0391050777243145e-06
    0.010672630068589801 3.1212458376103177e-06
    0.010693663795654762 2.6650209814139387e-06
    0.010683226621741164 -7.772499346494561e-06
    0.010692518085431209 -2.2278576475030136e-06
    0.010683416886897907 -4.8543864408817253e-06
    0.010699681806182689 7.672723882272174e-06
    0.010699881390099229 3.2192041315521633e-06
    0.010689076377907246 -4.7589827812718542e-06
    0.010683947166622567 -3.1603055604176227e-06
    0.010718707393320625 1.1806965738204482e-05
    0.010722505809656111 -4.780988210036496e-06
    0.010740158101625685 -4.9982474016164648e-06
    0.018593982968000987 -0.00024488415457523164
    0.018077909610523246 -0.00031773913510622931
    0.017656320610525612 -0.00018131021348395082
    0.01758521487908659 4.3718064959748969e-05
    0.017784903109343966 0.00016788789185722056
    0.018027272121679955 0.00016272273471247873
    0.018217142817397478 0.0001230208200799919
    0.018361475765358366 8.8705580240055858e-05
    0.018461258292893662 5.7156818656244838e-05
    0.018517383931732918 2.4176932558549219e-05
    0.018528381422781272 -1.0405605009192812e-05
    0.018487719913301733 -4.4554246520434851e-05
    0.018399306558450533 -7.6163462919513969e-05
    0.018269847275572973 -9.9896653478793329e-05
    0.018119061947161633 -0.00010769205131006014
    0.017976694182708645 -9.7501548854716369e-05
    0.017867641525684673 -7.3531464629260763e-05
    0.017802084074494871 -4.2717449762344892e-05
    0.017777470253847523 -1.3613787377320536e-05
    0.017776753009624072 -1.0466328749957235e-08
    0.017778684522006379 6.9774249695848247e-07
    0.017778188688752281 4.1450881388969255e-07
    0.017779003498201298 2.0352333613571758e-06
    0.017782176150365193 1.3412217226978313e-06
    0.017783396400371927 -1.1607127387386826e-06
    0.017783861861158868 -1.6307324620724193e-06
    0.017783906668098464 -7.833121459659822e-07
    0.017783888532938334 4.7608084097891284e-07
    0.017784055121727066 8.9941869807180851e-09
    0.017783035217277782 -8.4952688465878632e-07
    0.01778115346527645 -1.643133106033518e-07
    0.017781350913970737 8.2485843202522424e-07
    0.017780222121235215 -1.1689618400617074e-06
    0.017774299776891555 -1.7979701903198943e-06
    0.018580280890587331 0.00024409091569971544
    0.018066106210914434 0.00031262999088752251
    0.017647626115234818 0.00017955724251966605
    0.017576543834094863 -4.1631726088348675e-05
    0.017776570261331674 -0.00016472506213817189
    0.018011602356775829 -0.00016168002971510718
    0.018196264741908153 -0.00012473700005746801
    0.018333372655471185 -9.3028759231566469e-05
    0.018429253610547557 -6.3480903866440741e-05
    0.018481737641530594 -3.0294367975590979e-05
    0.018488766820688826 5.8800349616792896e-06
    0.018448543951728597 4.3580030444940371e-05
    0.018360917097489167 7.9014374735588412e-05
    0.018235130803151575 0.00010460813925926119
    0.018089347923842605 0.000112485533936514
    0.017949329486910165 0.00010146886985704335
    0.017840047215140566 7.579578470298525e-05
    0.01777442267679278 4.293363968872017e-05
    0.017750173683301517 1.4795033005023766e-05
    0.017748096953927501 1.7565417122895787e-06
    0.017748584613874619 -2.0854369978416805e-08
    0.017748812682619648 4.985510064326869e-07
    0.017749319241947725 6.6694506478717886e-07
    0.017749910708149019 5.088353042374814e-08
    0.017749942735199031 -8.6840420859400264e-07
    0.017749098932739311 -1.0895983680494677e-06
    0.017748261431518066 -6.8642615794681377e-07
    0.017747810244890912 -2.8423216360864808e-07
    0.017747446617322096 -2.1053303045196275e-07
    0.01774683402550643 -2.0896653487886135e-07
    0.017746192809698403 1.1373636633169138e-07
    0.017745726658077506 4.794574490535716e-07
    0.017745077391261316 7.0213509255230513e-07
    0.017743093042666656 1.8531442362960254e-06
    0.0097279872358854991 0.00037332571469598792
    0.010348366260974479 0.00033578051026033739
    0.010833324636837343 0.00011765442515516855
    0.010896237175099183 -6.1025536741311383e-05
    0.010667894238883043 -0.00010984113860263766
    0.010399185601792541 -9.3104592570515899e-05
    0.010194738046787156 -7.2193207523217623e-05
    0.010036558518894166 -5.344831636050977e-05
    0.0099256912391778376 -3.5858344755410866e-05
    0.0098605855220931151 -1.55352207291625e-05
    0.009854010619320841 3.418011519482371e-06
    0.0098960448760961016 2.8507006718094265e-05
    0.010001024652208156 5.0106219268907906e-05
    0.01014727624260665 6.6811686942089185e-05
    0.010317712365488722 6.7423396059462429e-05
    0.010478159907462505 5.5513596255381978e-05
    0.010594070998560457 3.7900410750102022e-05
    0.010663051627222316 1.6445982592780893e-05
    0.010690877020002839 3.3178056503910258e-06
    0.010693994371893391 5.54337227358817e-07
    0.010694549958863733 -1.1962997400459709e-07
    0.010695627276541541 1.1302861458965766e-07
    0.010695574464002409 -8.9132544331477743e-09
    0.010697122215751755 -1.3084355057737094e-07
    0.01069710914032139 -1.6358360060093395e-07
    0.010696585494260469 -1.5222356871463325e-07
    0.010694492293375737 5.4293643963194753e-08
    0.010694474121456066 -1.9296651958622781e-07
    0.010696123072080387 7.8975158609513297e-08
    0.010695929523977788 4.9547640812995199e-08
    0.010697910340435263 -2.3903619929803956e-08
    0.010700597234395611 5.5013765048586522e-07
    0.010698462206104183 5.7341568220495181e-07
    0.010699882104520825 4.343573382303267e-06

  level 1
    0.011345426854197191 -0.00034082813349325665
    0.011837660751437742 -0.00027213301130304306
    0.012324548578741688 -0.00025526221352313583
    0.012776079085889029 -0.00017145708348834153
    0.013046181489603317 -2.4466139708368666e-05
    0.013013989028294232 5.4028006643862657e-05
    0.012832864597763024 8.2719832317265462e-05
    0.012630954191224522 6.6706464242083003e-05
    0.012474987367977001 4.9021044015712059e-05
    0.012365511151100236 3.631165869062264e-05
    0.012292531596550168 2.2315352227260361e-05
    0.012253087781034632 6.3849432314565773e-06
    0.012271517949787007 -5.1629124733183861e-06
    0.012308407835383228 -2.9634152676855412e-05
    0.012395781476789951 -4.4445895930165864e-05
    0.01250857489949396 -4.9498982161709329e-05
    0.012654222637139513 -4.5072230568935138e-05
    0.012758647701017437 -4.8062906802543334e-05
    0.012855569478218613 -2.0436972309156469e-05
    0.012904875004475284 -8.3681600384197403e-06
    0.01291920950798375 -5.4722505496342034e-06
    0.012903170193685762 -6.9978477411351225e-06
    0.012897557525626682 7.7148107980590348e-07
    0.012922853345273131 4.4760208359101474e-06
    0.012909895527955136 -5.3831065062642216e-06
    0.012913259101575149 -3.3993963752366357e-06
    0.01290782065411262 -7.0627995126455156e-06
    0.012927976066848243 6.7584464286779252e-06
    0.012930503868091475 5.2103500154629134e-06
    0.012913053540912926 -4.367578161734753e-06
    0.012906598449288336 -5.5290272629576359e-06
    0.012952971892652609 1.167624028549261e-05
    0.012962483481468758 -5.851691714012213e-07
    0.01298896380013842 -7.5902347594246822e-06
    0.021790900928972425 -0.00022871044684184515
    0.021366349921556289 -0.00025421050104805569
    0.020951317456849305 -0.00025625192317591829
    0.020558628472107644 -0.00022260534921202612
    0.020324349235376425 -9.5914184147041261e-05
    0.020332987848457027 5.6240233778685738e-05
    0.020496203639779879 0.00013179763653777451
    0.02067777575685998 0.00012451363056513801
    0.020818008118582674 9.2846011053474012e-05
    0.020920909130444715 6.5207493108392431e-05
    0.020994529267796252 4.0547492208649859e-05
    0.021032572825731288 1.5377508393274119e-05
    0.021034561767085826 -1.1522692117010797e-05
    0.020996100719917907 -3.982011148094059e-05
    0.020917390158400329 -6.4188778820596721e-05
    0.020810878056885522 -7.8974062028216717e-05
    0.020695827738306846 -8.1989784465297629e-05
    0.020589670477869304 -7.3696784957410683e-05
    0.020509018388796801 -5.3847061604618001e-05
    0.020463681742427502 -2.9759109612099824e-05
    0.020446871696918383 -1.1280024213546296e-05
    0.020443469427645276 -2.43386523154807e-06
    0.020443622036044242 1.4845961421607361e-06
    0.020446381887166274 3.0063454358712002e-06
    0.020448758930413685 1.4065425537355032e-06
    0.020449768641677524 -1.073032839584447e-06
    0.02044883927204736 -1.8572472297585384e-06
    0.02044795530807603 3.5546998188969298e-08
    0.020448650532588798 8.8859615900908474e-07
    0.020448717021027477 -3.6043809275247848e-07
    0.02044682141738003 -8.3124507521733278e-07
    0.020446394263879036 6.3436933300868351e-07
    0.020446001323203289 -5.2202491669923311e-07
    0.020440296537570971 -3.4636126421303136e-06
    0.021775332762037858 0.00022686096039932182
    0.021351661101749325 0.00024952359986701888
    0.020938887446002825 0.00025045838189797094
    0.020546590648735874 0.0002197162489002249
    0.020312230877847798 9.8876969133897421e-05
    0.020320832573888139 -5.3338294101877044e-05
    0.020481005339853718 -0.00012951435062493439
    0.020656840400025668 -0.00012407091740613638
    0.020794638619328211 -9.6408677983935706e-05
    0.020894654627301903 -7.1167055016466485e-05
    0.020962895819024968 -4.6998510067368293e-05
    0.020998055699398638 -1.9688783924508934e-05
    0.020996225476966321 1.0412781192057456e-05
    0.020956921710494625 4.1122744065876848e-05
    0.02088160182598876 6.7982459896056012e-05
    0.020778346933524629 8.5486651296545302e-05
    0.020664431421935733 8.8658847902399704e-05
    0.02055916424627079 7.6630059442493791e-05
    0.020479680341424382 5.4842922580293005e-05
    0.020434374426261937 3.0326840398350202e-05
    0.020416963510604645 1.0282112223501973e-05
    0.020413813957402657 1.0351308109470171e-06
    0.020414149067070224 2.9936007122363909e-07
    0.020415012045647572 1.0314418897473331e-06
    0.020416003733968305 4.2680847335179101e-07
    0.020415978836078142 -6.623275614375981e-07
    0.020415108077634039 -1.021887279814713e-06
    0.020414351083189404 -5.3752991602247013e-07
    0.020414137975873752 -1.3600042782617528e-07
    0.02041392567000324 -2.6509060772175659e-07
    0.020413333637173271 -2.0634904513349249e-07
    0.020412711442205102 3.8118531003358668e-07
    0.020412034630824444 9.642655568321597e-07
    0.020409134546834008 2.3984225722335663e-06
    0.01133538526008555 0.00033864103291333025
    0.011834100528497888 0.00026846236163272574
    0.012331175765486004 0.00024595959221468009
    0.012797694696874189 0.00016398242904973827
    0.013051037850213137 3.1393064521212133e-05
    0.013014574837085978 -5.9249614502208559e-05
    0.012833373901663425 -8.0586091119128943e-05
    0.012637873927768606 -6.6582139049892213e-05
    0.012484973942141937 -5.1240789584585043e-05
    0.012367261273970949 -3.6865316036481443e-05
    0.012292690643816214 -2.5722451634635156e-05
    0.012249362106089075 -8.1311629504742121e-06
    0.01225521489430216 8.1473511531257813e-06
    0.012300895365255535 2.835037535721782e-05
    0.012392861253088463 4.3401178630456198e-05
    0.01251675212862095 5.1660918514586727e-05
    0.012643398691735658 5.2475596513657373e-05
    0.012760960972200256 4.0343520427239528e-05
    0.01285027988731529 2.4509182110223554e-05
    0.012897929632854657 1.1594215502675029e-05
    0.012917571766361604 2.551874214087116e-06
    0.012921595190851676 -4.5728026702338029e-10
    0.012921202590259039 -5.3279966727241928e-09
    0.012923644336070999 1.0925032199201047e-07
    0.012924832499657667 9.4569986754868968e-08
    0.012925017341442338 -2.8811374989232785e-08
    0.012922620419044554 5.1296088419545179e-08
    0.012922406242321341 -2.1325017294079073e-07
    0.012924934242753023 7.3520082913460744e-08
    0.012924690284688263 -2.5300535380340775e-09
    0.012927196517636512 -1.068112033373622e-07
    0.012931045696921576 5.9978357991426524e-07
    0.012927488651351975 8.5667425917425045e-07
    0.012929590585889902 5.3177819872948701e-06

  level 2
    0.012890379912636852 -0.00022758713181269928
    0.013296186144478736 -0.00028749838714955966
    0.013792714627340266 -0.00023743013668666839
    0.014217234311885991 -0.00018425323870211837
    0.01459773356663548 -0.00014663849738234583
    0.014912399075488046 -0.00010932063942016138
    0.015095976448703939 -2.1894641342203731e-05
    0.015070345424466182 3.7961853532776851e-05
    0.014935187387870336 5.5265844990648653e-05
    0.014788214890407223 5.1105659594564317e-05
    0.014669100128693661 3.9259565372972083e-05
    0.014578372302438474 2.7944212259039198e-05
    0.014532033776617404 2.4983089596083429e-05
    0.014492194739389331 2.8071216595911723e-06
    0.014491876024046542 -9.2388215727062089e-06
    0.014522888944280598 -1.9888687976604417e-05
    0.014610908796869548 -2.6491627662329904e-05
    0.014690004523040236 -4.741077610890198e-05
    0.014800750542967991 -3.3758979085577137e-05
    0.014889097189300683 -2.810072727615534e-05
    0.014951675938399326 -2.4128635296897883e-05
    0.014973335418965852 -1.9198897452547662e-05
    0.014986497533905522 -3.9226768278636895e-06
    0.015023024835940455 4.3884541245005368e-06
    0.015013135023899952 -6.6697171424669985e-06
    0.015009391415061035 -1.2739254129022858e-06
    0.015003696519170412 -7.8422095907511424e-06
    0.015025102588579298 6.5124098128035345e-06
    0.015034722640425935 3.0138963607822942e-06
    0.015010848161576825 -4.9254584694537061e-06
    0.0150011626592872 -5.8962755170464756e-06
    0.015059086711496847 1.2427497315092446e-05
    0.015074302809002257 -1.1563619626679489e-06
    0.015110959988198081 -7.8000024115915121e-06
    0.025081279783184498 -0.00013956369052889615
    0.02473957547267943 -0.00024107412798934417
    0.024315675330173942 -0.00025474281609822353
    0.023945555045803441 -0.00022104518220217257
    0.023636839966891664 -0.00018977619808408896
    0.023367536893670979 -0.00016101206567130201
    0.023197711043610854 -8.1941647117686605e-05
    0.023189334712035006 2.3650331520972105e-05
    0.023297796648213652 9.1089153241296952e-05
    0.023433162962969857 9.8502826469189282e-05
    0.023548403348377392 7.7590900690420936e-05
    0.023633761259733259 5.5886460871460834e-05
    0.023695439723806236 3.654506478621663e-05
    0.023729993971168185 1.5219638215218558e-05
    0.023732516488891749 -6.4252698440089053e-06
    0.023704368041187498 -2.661476339589889e-05
    0.023648525182913896 -4.4910162484703781e-05
    0.023568371773122036 -5.9683263094296963e-05
    0.023477883085651106 -6.3923413630769641e-05
    0.023395554353329292 -5.8498401647376628e-05
    0.023330905715816811 -4.6826133273445735e-05
    0.02328868177706736 -3.0036309076189076e-05
    0.023269630793589416 -1.1927254100900859e-05
    0.02326763927734992 -5.6829554013146433e-07
    0.023269662043268139 1.6787869582369022e-06
    0.023270880545691972 9.2611942936793087e-07
    0.023270416486808387 -1.1449730732309529e-07
    0.023269258560886786 2.542517849169623e-07
    0.02326936480584503 9.7633224755953192e-08
    0.023269044176062455 -6.6517238480005469e-07
    0.023267429125036026 -3.634127903708431e-07
    0.023267516088782404 9.9150969173647445e-07
    0.023267194677867808 -9.2112161777221264e-07
    0.023260675464249082 -3.994439379431266e-06
    0.025063154461996938 0.00013864757608526016
    0.024720825769480741 0.00023611205534439662
    0.024300646265352131 0.0002482345963563185
    0.023929715754271184 0.00021566325484660112
    0.023621607642479156 0.00018810784274075228
    0.023352701885776244 0.00016150053685187035
    0.023186912119648108 8.2935783977256097e-05
    0.023174750736883656 -2.1130846130864714e-05
    0.023280923362200327 -8.9510440771059085e-05
    0.023415477905706365 -9.9650458322346122e-05
    0.023527360302475597 -8.1597843967537158e-05
    0.02360977838482611 -6.0257114675282775e-05
    0.023664820451393814 -4.0026899976576078e-05
    0.023693472959051966 -1.8310974707682905e-05
    0.023694544567921697 5.4202767106567919e-06
    0.023666512067867178 3.0144309893919114e-05
    0.02361036980468062 5.2255360946427613e-05
    0.02353185992023759 6.6218505292379141e-05
    0.023444042216574153 6.9242710432957402e-05
    0.023362730048273283 6.107979569569884e-05
    0.02329908032783649 4.4498055255410822e-05
    0.023258702536263054 2.603187289878765e-05
    0.023239555433514733 1.1527514303426771e-05
    0.023234934040924707 3.4174909461825092e-06
    0.023235622984555608 8.1528457465485981e-07
    0.023236223913876752 4.3933715498906006e-07
    0.023236250977689096 6.9008940056514237e-08
    0.023236086935306738 -3.318961625038287e-07
    0.023235855526001062 -5.3880059196083707e-07
    0.023235401621193433 -5.4815319579837921e-07
    0.023234880112748997 -2.0678800575761507e-07
    0.023234498829060816 3.6048533185499085e-07
    0.023233728034612391 9.0630073739068805e-07
    0.023230233890148499 2.8908718573381622e-06
    0.012878734839539812 0.00022570256840805347
    0.013290878879120678 0.00028376793948363941
    0.013797987215250806 0.00022880314375720251
    0.014237951884916718 0.00017419768750691307
    0.014602509040204235 0.00015032651117496675
    0.014901510608755292 0.00010166154840255689
    0.015081653971533958 2.0546119873035092e-05
    0.015071761637151636 -3.8517424340462803e-05
    0.014944490963498289 -5.791108407807791e-05
    0.014792020256476898 -5.1094743807917625e-05
    0.014673945810583613 -4.2581379790400475e-05
    0.014579431944124116 -2.9261559119368256e-05
    0.014520394147653694 -1.9799662324329528e-05
    0.014486099456907486 -5.5992214651818579e-06
    0.014489468568303387 7.0873673549479849e-06
    0.014527712287105594 2.074254348500426e-05
    0.014590457839801601 3.5317876618800364e-05
    0.014683441946673134 4.0075207129445328e-05
    0.01478857044115591 3.8420527611097303e-05
    0.014879762043075392 3.2027509331443297e-05
    0.014951557449333342 2.0210415716043537e-05
    0.014994833894074374 9.6365057125383982e-06
    0.015012643836512395 3.1011964189864135e-06
    0.015020090267504425 4.6247528822621916e-07
    0.015021987360636729 1.9991968892366707e-07
    0.015022810962278267 2.9048593783720004e-07
    0.015020918036068719 3.3065933950709476e-07
    0.015020995370431427 -2.2298154624882146e-07
    0.015024347334513749 -2.4612330934090208e-08
    0.015023920961747199 -4.2985578508736197e-08
    0.015027012995381762 -1.6523602061503634e-07
    0.015032186978392583 6.3344942632846443e-07
    0.015026995607268731 1.0421802624673417e-06
    0.015029635599024073 5.7528684582604179e-06

  level 3
    0.012195229717336643 0.0001517024854324826
    0.012079163791018172 8.8319595881431823e-07
    0.012184538373298555 -0.00012297821674248617
    0.012485598962223381 -0.00016591259275113051
    0.012842944742176766 -0.00014677070038922845
    0.013170360015564495 -0.00012623865214790367
    0.013453816187377229 -0.00010536826602877008
    0.013652867533966653 -7.2819210262467738e-05
    0.013782184801990519 -2.6842178138551864e-05
    0.013800011380416114 1.8579556903910865e-05
    0.01372520786934577 4.0692847663134952e-05
    0.013616620552081985 4.1505573611224068e-05
    0.013513898669558128 3.7990281234764976e-05
    0.013444848670866656 2.2680378128800867e-05
    0.013392792170123385 1.3627507908022156e-05
    0.01336555532157139 6.2173869991422278e-06
    0.013367932405254333 9.2495348434673068e-07
    0.013385914545766956 -1.5812927877237288e-05
    0.013448210981847288 -2.4448956629465632e-05
    0.013504276557886385 -2.6914269073858972e-05
    0.013562530969740135 -2.9203907393324566e-05
    0.013632203363126141 -3.1885512989898238e-05
    0.013690622614087086 -2.1132433184454514e-05
    0.013742621400618561 -5.913742841422365e-06
    0.013760332521064889 -4.8452817836625438e-06
    0.013751053281172154 -1.4585860033828077e-06
    0.01376663029478227 -4.4788630510270554e-06
    0.013777707323057999 9.0512253793140244e-07
    0.013789295679974419 1.3481481567712754e-06
    0.013761810818029218 -1.9180640323183525e-06
    0.01375973602476723 -4.1787200797348917e-06
    0.0138130151732699 4.9751610649227251e-06
    0.013825991123813627 5.3658602847959205e-06
    0.013867158240929777 -4.4626305024992964e-06
    0.024263804913021478 9.6743033698200404e-05
    0.024384321229105988 2.3239258942045292e-05
    0.024296025423921494 -9.879199221604149e-05
    0.024058050022691298 -0.00017353095370601688
    0.023762945045793932 -0.00019197771050525838
    0.023485198038120311 -0.00017739795925307059
    0.023247505615811022 -0.00015153908983962775
    0.023053264392933762 -0.00012288431610166169
    0.022919334100062312 -7.6191854497045892e-05
    0.022887079298163318 -5.9034532110296878e-06
    0.02294791324888194 5.3621437317763566e-05
    0.023048042883050859 7.5641757579439193e-05
    0.023143775086302547 6.7444017303356339e-05
    0.023218219334546132 4.917320642186903e-05
    0.023269179124914798 3.2076376344596053e-05
    0.023299649134817593 1.7162096062946815e-05
    0.023309064408106525 1.9712209936220454e-06
    0.023293185488173485 -1.5560424233890838e-05
    0.023252595904219495 -3.1984370915380276e-05
    0.023194078505332366 -4.3621288908303444e-05
    0.023126607486947677 -5.0360894749476833e-05
    0.023059469171469234 -4.9999552317350926e-05
    0.023003732052204108 -4.0423862155702396e-05
    0.022968071669874541 -2.5294514203667769e-05
    0.022951313814607334 -1.2321852540210117e-05
    0.022945585430854544 -4.4708861742370522e-06
    0.022944007661313888 -8.3774888964210046e-07
    0.022942411212523817 1.0321905878574689e-06
    0.02294225163735502 1.3384139023083363e-06
    0.022941695426754196 -1.106655833359644e-07
    0.022939902763427496 -1.0205137375737909e-06
    0.022939083126580891 4.3831157132066544e-07
    0.022939950765967478 7.9138530581714244e-07
    0.022936044772252411 -2.7252862547545313e-06
    0.024247008468007709 -9.7609047500743254e-05
    0.024363227592925158 -2.4247703521721585e-05
    0.024280029874155357 9.3615020693153074e-05
    0.024039473775657204 0.00016801756486281406
    0.023743477503715832 0.00018815269845198545
    0.023465528257803618 0.00017488422047841411
    0.023231644965291925 0.00014988786990968451
    0.023035629203592648 0.00012277584381101283
    0.022903624713573455 7.6637809990101228e-05
    0.022870833045482184 8.0334514470294657e-06
    0.022930485292533671 -5.1668715817774515e-05
    0.023030763446632126 -7.5284158570921862e-05
    0.02312214198641098 -6.8806775292662892e-05
    0.023190142428413985 -5.2537193511380119e-05
    0.023237106080899479 -3.5876349096414889e-05
    0.023264096534810833 -1.8549320147574915e-05
    0.023269812502472509 4.0133396091857846e-07
    0.023252148206411069 1.9513826938683038e-05
    0.02321204640574006 3.6518923183093642e-05
    0.023155099176806956 4.8562773577428542e-05
    0.023089083720153825 5.2538736555968619e-05
    0.023024920548941761 4.8045108813962647e-05
    0.022970749024049917 3.7887959545636292e-05
    0.022933786992840134 2.5498878025414303e-05
    0.022914656034411462 1.3720809630809309e-05
    0.022907666424245909 5.1191318745436919e-06
    0.022906420455222332 1.0873746050034331e-06
    0.022906584859423706 3.5678772465040982e-07
    0.022906970335548851 2.5899637689809962e-07
    0.022907155554012265 -2.8056484925744029e-07
    0.022906759260360902 -5.5346328746516846e-07
    0.022906197423292279 -3.7606701109264498e-08
    0.022905954039367168 5.820140011227073e-07
    0.022904388323974983 1.6870072455410394e-06
    0.012193253626665148 -0.00015326888758654915
    0.01206531230314894 -2.67672595792351e-06
    0.012185224708281891 0.00011867905836489135
    0.012488653361132808 0.00015927821743530593
    0.012843206583519628 0.00014661828188039495
    0.01315339794012314 0.00012277635357222459
    0.013422260223333499 0.00010117997454351016
    0.013640080869329507 7.1083616027623847e-05
    0.013774535864100192 2.4082398611884126e-05
    0.013790072899320906 -1.8639366223424239e-05
    0.013718898459658528 -4.1085723995756905e-05
    0.013610928907379945 -4.0880170590389045e-05
    0.01351346547482558 -3.4022342835820795e-05
    0.013436480416148972 -2.4582753773255547e-05
    0.013386915862365321 -1.5549353224142409e-05
    0.013358553221559818 -6.3530244287127656e-06
    0.013351124020750879 4.93097753444981e-06
    0.013375882722526433 1.5305184909383503e-05
    0.01342875175140797 2.4472257399436816e-05
    0.013496635856392356 2.9880501665459599e-05
    0.013576435233225473 2.9893545297741416e-05
    0.013649930856118427 2.482827569521773e-05
    0.013707541485486099 1.7338443887742527e-05
    0.013747305921657339 9.7029314123146049e-06
    0.01376825097636851 4.2270141194539466e-06
    0.013776244629772635 1.3337849092109415e-06
    0.013776474148876892 3.2643268068229163e-07
    0.013776708354517012 -8.7762671027409914e-09
    0.01378086684528132 4.5598521335401284e-08
    0.013780767148873182 -7.5342519749780705e-08
    0.013783586943811724 -1.5686513956167501e-07
    0.013788833625510066 3.6161685192516993e-07
    0.01378285401700774 5.8383580138141405e-07
    0.013784370540415567 1.6785093452108301e-06

  level 4
    0.010244851907765726 0.00033633587971621892
    0.00976927864922973 0.00024233205101996879
    0.0094264707732144865 0.00010303318345610034
    0.0093491052718947271 -1.4016575800373099e-05
    0.0094592024878731203 -8.6308313318638627e-05
    0.0096912622283569748 -0.00010584850924415449
    0.0099515042696436823 -0.00010589703692182951
    0.010174326666199952 -9.0399248704333915e-05
    0.010370364051619032 -7.323404592410043e-05
    0.010520799109956822 -4.8412950869976531e-05
    0.010609020753128104 -1.6101956587204089e-05
    0.010622838872104365 1.3829055946151104e-05
    0.010556758802890632 2.9574136424130664e-05
    0.010489477667233146 3.139610211578128e-05
    0.010414236145108858 2.5811712378962871e-05
    0.010359177740672227 1.8518036617346797e-05
    0.010312821664958475 1.3276241664391355e-05
    0.010292286518231355 8.6260780133213025e-06
    0.010298288336293281 -5.839843422496284e-06
    0.010306924685702096 -1.1232386827437897e-05
    0.010328320473988538 -1.6051094008812737e-05
    0.010389778140726023 -2.3092987241101364e-05
    0.010451064499010301 -2.5271240432439575e-05
    0.010502315116871897 -1.901450526616363e-05
    0.010551165158160692 -1.1144931828883342e-05
    0.010563049318973967 -6.8106930708167569e-06
    0.010598864499897316 -3.618033456481978e-06
    0.01060630465030447 -4.6570428947706784e-06
    0.010616926195036009 -1.332310643417218e-06
    0.010599915037728632 1.1670768173300524e-06
    0.010601311623732144 1.2818921846775521e-07
    0.01062867417086427 -1.7921987778723085e-06
    0.010638701542089327 6.8756053677009608e-06
    0.01066591391564357 1.5348817472481606e-06
    0.02071601337622446 0.00021835218434142204
    0.021130091761768149 0.00022837446386254193
    0.021408572593414273 0.00012508653308478625
    0.021502155641061262 9.4787424805771118e-06
    0.0214239852138065 -8.1872135260584801e-05
    0.021241612367218651 -0.00013310141637088287
    0.021023529597937365 -0.00014800998979759398
    0.020817209737109252 -0.00013953213216577682
    0.020637357677953407 -0.00011860945555425694
    0.02049766017962399 -9.0382959469239861e-05
    0.020408951072032066 -5.3936411437139024e-05
    0.02038570140578868 -7.481824086943092e-06
    0.020425833494486324 3.4353697350085156e-05
    0.020499240509294157 5.432336830072818e-05
    0.020572024171817031 5.1786618907741261e-05
    0.020630122647856103 3.9448380850229458e-05
    0.020671516515719184 2.6858759094013937e-05
    0.020695709644487002 1.4728544592217602e-05
    0.02070205329005758 1.0247744902444085e-06
    0.020688647070910164 -1.2273193548724236e-05
    0.020657812632554444 -2.4490254388831222e-05
    0.020612969119442534 -3.4551154698593957e-05
    0.020560309122290558 -3.9733749729254286e-05
    0.020509050986614125 -3.7629219290540061e-05
    0.020468344735542921 -3.0095890305695251e-05
    0.020440896394523449 -2.0799251439721791e-05
    0.020425519981191416 -1.2059829810263415e-05
    0.020416742295331955 -5.3655083307740442e-06
    0.020413394913040051 -8.4139310859025183e-07
    0.020412336048992192 9.6567079532400235e-07
    0.020411530911621963 6.6021052064807728e-07
    0.020410236329365415 4.1360040144870832e-07
    0.020410324482066519 1.1902423719734741e-06
    0.020408901123144009 -4.932897564838175e-07
    0.020702376447615453 -0.00021885895720652384
    0.021110762374426925 -0.00022613723020170899
    0.02139404035866118 -0.00012666467478848964
    0.02148347099120412 -1.3622783031430456e-05
    0.021403925082375486 7.6415682834317944e-05
    0.021218329468907175 0.00012922615993330859
    0.021002469639479358 0.00014474381258455243
    0.02079381665572938 0.00013715603260941196
    0.020615487730620094 0.00011781282038400676
    0.020475778475216613 9.164183278983236e-05
    0.020387140400854563 5.680058525047168e-05
    0.020365420960828974 1.0849919604180964e-05
    0.020405453039277318 -3.227823769546376e-05
    0.020475686525631451 -5.425647609613235e-05
    0.020545055336201126 -5.3595248148102345e-05
    0.020599492303256466 -4.2302762112680637e-05
    0.0206368154613354 -2.8679080698785261e-05
    0.020657209504338785 -1.4523671333917766e-05
    0.020660195154207483 -2.3393444775876977e-09
    0.020645868896948229 1.4551675492217297e-05
    0.020614197538294011 2.7532364972756132e-05
    0.020570437266645338 3.6394957492707473e-05
    0.020519376928652966 3.960261834806871e-05
    0.02046926071663701 3.725209025662577e-05
    0.020428041057701688 3.0362294716033674e-05
    0.020399166164162555 2.0953480826722954e-05
    0.020382829364857902 1.1720161146701787e-05
    0.020376007615726256 4.9199291732840228e-06
    0.020374098226940442 1.5068194349793318e-06
    0.020374164772468385 5.06598133763158e-07
    0.020374482138186364 2.3417293982548242e-07
    0.020374586486198186 1.6067115902643474e-08
    0.020375073239316435 -2.231714646913787e-07
    0.020375849145931959 -3.1081444723311591e-07
    0.010249648565270336 -0.00033790938550280384
    0.0097542900673417161 -0.00024130735968002915
    0.0094226044139602127 -0.0001012324084462456
    0.0093359316519562655 1.1663188923028839e-05
    0.0094529237887705959 8.144438509574967e-05
    0.0096726028634577816 0.00010579231938698521
    0.009920434625227216 0.00010143579578044147
    0.01015333570721343 8.8155128349923136e-05
    0.010349548132392333 7.1406838150252884e-05
    0.010500220022871831 4.7542210473164979e-05
    0.010589639460344377 1.7627372790792142e-05
    0.010606940478576195 -1.0979870511557071e-05
    0.010557755847870927 -2.7935595609707445e-05
    0.010479835064185938 -3.1517858032262459e-05
    0.010405921606410655 -2.5894272520146213e-05
    0.010345356307966959 -1.909403795658175e-05
    0.010303837360996824 -1.2712895770082692e-05
    0.010283102288183348 -4.6328816712021269e-06
    0.010283502963766896 4.0705885542455517e-06
    0.01030277104688882 1.1600486907870369e-05
    0.010343657155194832 1.8709527795284071e-05
    0.010396540764658081 2.2466691151424725e-05
    0.010455682292179264 2.248743913784019e-05
    0.010511526364163793 1.9163596168095531e-05
    0.010556598199456809 1.3957570000281006e-05
    0.010587159031935581 8.4438613266365726e-06
    0.010603380566605997 3.8099910701094243e-06
    0.010609970636478186 1.1928582921557041e-06
    0.010614694046140339 2.7022588362278479e-07
    0.010615097125256309 7.3670175211974253e-08
    0.01061714274741209 5.7524841603040117e-08
    0.010620742115581823 4.9436244689391876e-08
    0.010616195953274364 -1.2248713752146244e-07
    0.010615542164704492 -2.3590992335012505e-06

  level 5
    0.0084767453635188773 0.00033312121351996513
    0.0079396785232143038 0.00029177415050464235
    0.0074241727982898315 0.00020562047985094663
    0.0070973156436908713 0.00011200553684909861
    0.0069468704736867105 2.3649669282469981e-05
    0.0069695728522485506 -3.0188896344590574e-05
    0.0070948735115261771 -6.9985973183343266e-05
    0.0072705104591127053 -7.7165334689080728e-05
    0.0074549906848533536 -7.3412505970378003e-05
    0.0076209887503600367 -6.3176663652793141e-05
    0.0077567562844816666 -4.7460750311947687e-05
    0.0078545312445900909 -2.6879936916906591e-05
    0.0078869582045538542 -7.1909738752428601e-06
    0.0078902775596739125 1.2623859973064176e-05
    0.0078464493464332433 2.1915185554790902e-05
    0.0077913644374635977 2.1996917687262441e-05
    0.0077285443783242265 1.7714143467849068e-05
    0.007690748781215972 1.8244287682648262e-05
    0.0076634877173940462 5.1343745110743203e-06
    0.0076466744510357149 1.4706914960853712e-06
    0.0076411082108114037 -2.180001858456907e-06
    0.0076705525483240118 -8.5882311328167312e-06
    0.0077065340928379753 -1.6562605326915232e-05
    0.0077390781457934189 -1.8790848013913283e-05
    0.0077896554140823027 -1.4057101917326782e-05
    0.007816981778484236 -1.2493769469386568e-05
    0.007861407660088908 -7.4573573989360415e-06
    0.0078767717415166097 -9.7223519998639536e-06
    0.0078928447631559269 -5.2593058648616026e-06
    0.0078924641196399057 4.4865245314314702e-07
    0.0078960087224777542 1.6323658140539472e-06
    0.0079008488048278556 -4.0037148416304935e-06
    0.0079067752005121048 5.3277698518534315e-06
    0.0079163615365897295 3.8519842642493701e-06
    0.017299213413440911 0.00023307571683825118
    0.017751685602048119 0.00027581944921862059
    0.018167198889486057 0.00023411047747590484
    0.018467737153614064 0.00014829168856070619
    0.018610854357015212 5.3379524151837247e-05
    0.018613941845512835 -2.637597413333918e-05
    0.018516215076959941 -8.1249638774843168e-05
    0.018367358381591738 -0.0001089161467694251
    0.018202150715992994 -0.0001139626799193079
    0.01805107105385656 -0.0001039831576989791
    0.017925935075096676 -8.4595564387938673e-05
    0.017833505502743836 -5.9253020694427397e-05
    0.017784205238900952 -2.9476006521364571e-05
    0.01778305167009861 2.9983174219141939e-06
    0.017820297427788987 2.8866962031016764e-05
    0.017875882549681952 3.9654875229573695e-05
    0.017929531275357891 3.7095643506634931e-05
    0.017971225927561368 2.8730369840923875e-05
    0.018000361327971382 1.8161784107844098e-05
    0.018014690820539185 8.0130991110284301e-06
    0.018014941391493039 -1.9142281279872485e-06
    0.018000994302604968 -1.2451070848120986e-05
    0.017973356279973006 -2.2501822484808908e-05
    0.017935664378577923 -2.8677179201238209e-05
    0.017895717113445547 -2.9691067768942145e-05
    0.017859372122948115 -2.6917376813433246e-05
    0.0178307903481995 -2.1606067517203023e-05
    0.017809157626842455 -1.5421586122596933e-05
    0.017796248513659445 -8.6863996337999017e-06
    0.017790074188269136 -3.0343077691526146e-06
    0.01778794102059094 -1.1768488299753284e-07
    0.017786595462281573 7.0381137074699782e-07
    0.017786202349529066 1.8573342250000796e-06
    0.017785404621981991 1.3229473622169249e-06
    0.017287843196280156 -0.00023242929975088108
    0.017735492299139066 -0.00027216177401782817
    0.018154964442256477 -0.00023240624252063942
    0.018450670964152989 -0.00015007576413054953
    0.018591752481956259 -5.896459635753692e-05
    0.018588823076005991 2.1448471745176141e-05
    0.018490535137313437 7.7401599033209334e-05
    0.018338379091228915 0.00010608704134739699
    0.01817458611204744 0.00011263270777548083
    0.018023315180397438 0.00010440607066848113
    0.017898117913901779 8.6746366352897697e-05
    0.017807771523049694 6.2343669828179464e-05
    0.01775976497983231 3.2322868803946259e-05
    0.017758487465520251 -1.0355573598471851e-06
    0.017794105626154424 -2.8265037521349835e-05
    0.017846627407248732 -4.1032218553679545e-05
    0.0178971389056727 -3.9622380722207762e-05
    0.017935553490748844 -3.0379947942631626e-05
    0.017960258206830521 -1.9269959043412019e-05
    0.017972005106048267 -7.8876030953440211e-06
    0.017968997076651113 3.790603233124576e-06
    0.017953372195556493 1.4659877157575202e-05
    0.017925440156576208 2.3295151345006033e-05
    0.017888477115840004 2.8849901760110364e-05
    0.017848934991389898 3.04089503494841e-05
    0.017812278876877859 2.7642161708553493e-05
    0.017783135538449724 2.1548217355172392e-05
    0.017763583692556845 1.4188136021707668e-05
    0.017752286135379183 7.8534212003006669e-06
    0.017747368682529706 3.6504735611812398e-06
    0.017746053377146506 1.4080881752327531e-06
    0.017746128551626938 4.214255681255451e-07
    0.017747258923184451 -2.4344157011559151e-07
    0.017749823183925546 -1.4445539974465683e-06
    0.0084819338639632782 -0.00033430377848871017
    0.0079293614015383766 -0.00028969150146781076
    0.0074222270967721988 -0.00020077838480646353
    0.0070839927091685554 -0.00011063009687660441
    0.0069398662606868994 -2.9475752576193504e-05
    0.0069552800648105808 3.1181478725498979e-05
    0.0070735684384428382 6.5652597910011799e-05
    0.0072499720110775819 7.5739696257644463e-05
    0.0074329127748578644 7.2364277443012954e-05
    0.0076005610136050221 6.2040021080002499e-05
    0.0077360593951735501 4.8740773580908394e-05
    0.0078373575167692139 2.9187221613610943e-05
    0.0078844258130195272 7.7131349415140706e-06
    0.0078817806354069715 -1.1804978792122359e-05
    0.0078398612968639796 -2.1186588707979558e-05
    0.0077796522060822803 -2.2569691685680269e-05
    0.0077254673866096382 -2.0143913022429772e-05
    0.0076831446557425048 -1.4099808068464926e-05
    0.0076556151655291166 -7.7275840440212187e-06
    0.0076437579490607156 -2.1195554914474968e-06
    0.0076490487356573123 4.7153304324113563e-06
    0.0076689556365986981 1.0774613542496123e-05
    0.0077032899379654556 1.5239853811998576e-05
    0.0077455882348095887 1.7381987436629728e-05
    0.0077904557811921656 1.6844390636213894e-05
    0.0078309657112784273 1.4033317252096006e-05
    0.0078625704320306293 9.7743395174787878e-06
    0.0078827688192111122 5.7492104956273639e-06
    0.0078952607056295369 2.7120550288779769e-06
    0.0079000501346272664 9.9429918775385325e-07
    0.0079022812813184552 3.7722388841747078e-07
    0.0079042550061595301 -3.7139595342379744e-08
    0.0079020497735243812 -3.95766326683108e-07
    0.0079001607661109384 -3.9327409563200357e-06

  level 6
    0.0065698110213353658 0.00040719891391815589
    0.0059065791351889975 0.00030799505689030619
    0.0053633536957346569 0.00021312574942817521
    0.0049749803393168927 0.00015204720201752325
    0.0046954435984865048 8.7758577245305709e-05
    0.004563489339447592 4.1477010898466533e-05
    0.0045374282163392647 -1.4924668675568388e-05
    0.0046149251774972458 -3.9549090784409372e-05
    0.0047368370566832274 -5.429434152464444e-05
    0.004873907760311073 -5.6614408850275044e-05
    0.0050060012815259115 -5.1128080020733138e-05
    0.0051225410932683665 -4.0747234641713429e-05
    0.005194893314650212 -2.8449267526710317e-05
    0.005252939250905149 -1.1505037641263058e-05
    0.0052638983880131836 2.727065287782706e-06
    0.0052470632616248561 1.0882692688729647e-05
    0.0051963063895383958 1.4897640594815176e-05
    0.0051608442917981077 2.2051898309403879e-05
    0.0051157710944390467 7.7054091217783897e-06
    0.0050890738065662734 7.9524614374921095e-06
    0.0050702146082181945 7.1573054240766915e-06
    0.0050790415652597534 1.3571747949213323e-06
    0.0050922558614078196 -8.2431806531717268e-06
    0.0050993590238014638 -1.1945407125718934e-05
    0.0051391115015429175 -9.8050891929325385e-06
    0.0051623694656527212 -1.0879125483432963e-05
    0.0052047203023125772 -9.0623471552029479e-06
    0.0052205690013117272 -1.3383804475967855e-05
    0.0052425156767726775 -1.0754877987062625e-05
    0.0052597810908539639 -1.4074146387590608e-06
    0.0052688231251135009 4.6884352828519768e-07
    0.0052566983918833849 -7.3301586995206736e-06
    0.0052630873714465971 4.6264471849681234e-06
    0.005260078549182208 4.2950104083248219e-06
    0.013691464398772717 0.00028649943130148699
    0.014248110684827805 0.00032947165563674169
    0.0146995754688197 0.00025580426658836368
    0.015048653552610557 0.00019754141588561219
    0.015297067273775507 0.00013327167052358023
    0.015433260217003135 6.1459589136022541e-05
    0.015462430092295561 -3.6808983783047511e-06
    0.015411563452464722 -5.0954239176468074e-05
    0.015307243048236184 -7.8184962149969637e-05
    0.015184552799063878 -8.8024679418227187e-05
    0.015064731835794066 -8.4599382563815731e-05
    0.014958502905295932 -7.2263239975991589e-05
    0.014877453866434916 -5.3521832506074478e-05
    0.014828767911047903 -3.0679424766341372e-05
    0.01481383233438271 -7.2195947671701745e-06
    0.014830543519311836 1.2996653609874464e-05
    0.014867356204293835 2.6075084356588823e-05
    0.014909524901822594 2.9718948339021206e-05
    0.014947033860272695 2.4850215184366563e-05
    0.014973963715477972 1.7685971627579478e-05
    0.01499056094264363 1.0394860715937324e-05
    0.014996390674475356 1.9754169373805042e-06
    0.014989883680391508 -7.6773225687989197e-06
    0.014971378621670112 -1.5553189597159619e-05
    0.014945432625410322 -2.0369935596326745e-05
    0.014915589476417579 -2.2334665511960973e-05
    0.014886374593376602 -2.1846624846990383e-05
    0.014858710859307929 -1.9296832533997501e-05
    0.014837901810165767 -1.4487490820016825e-05
    0.01482456598705072 -8.6541531700730255e-06
    0.014817588603677535 -4.1869498112322328e-06
    0.014813672271040593 -1.2824263125877934e-06
    0.014812594974722797 1.5918631844054315e-06
    0.014812135432562872 2.6656783655855631e-06
    0.013683301362150693 -0.00028527430619574402
    0.014233585374506613 -0.0003236058031742144
    0.014689535949285373 -0.00025227112693925938
    0.015033813801736047 -0.00019691745418553308
    0.015279880246685664 -0.00013755229060660661
    0.015408102335137803 -6.6699310850790386e-05
    0.015434255543713339 -1.293901280154743e-06
    0.01537877645931022 4.7456299329376004e-05
    0.015275139679348562 7.6656155169948768e-05
    0.015152398529960032 8.8201934795316015e-05
    0.015032311809421352 8.6226161829683671e-05
    0.014928267661138427 7.4622172499465753e-05
    0.01484882104657315 5.6106206137809629e-05
    0.01480082183365179 3.313639442281654e-05
    0.014785720630619238 8.7747275168548438e-06
    0.014800318085275618 -1.34855634928372e-05
    0.014834802885598766 -2.7939400063876502e-05
    0.014874234453993546 -3.1408539000341736e-05
    0.014908039476437339 -2.6845123997126035e-05
    0.014932391374115735 -1.853077592285891e-05
    0.014944842638447781 -9.1634634702400968e-06
    0.014947541227969071 -1.5183884146682608e-07
    0.01493935247591328 8.0900153796502651e-06
    0.014920367208327366 1.5472263739060434e-05
    0.014894021982229288 2.1021040895080814e-05
    0.014863825303019981 2.3520666747868381e-05
    0.014834350717023393 2.2452843059251775e-05
    0.014809402846913343 1.8482554797298167e-05
    0.014790600291299048 1.3256433296575257e-05
    0.014778576074126464 8.3334135334039563e-06
    0.014772173315477886 4.4629204042535025e-06
    0.014769725829620085 1.8661232242827356e-06
    0.014770291826824242 1.5114905185671885e-07
    0.014773669877553016 -1.968568548578077e-06
    0.006577150210527143 -0.00040808421368843562
    0.0058994818560322172 -0.00030581579219093983
    0.0053616932519182127 -0.00020652396127932081
    0.0049618325412906505 -0.00014821165687758402
    0.0046906074816560903 -9.2232470459995878e-05
    0.00455376843867813 -3.8139961761107564e-05
    0.0045266304282591888 8.878054859078777e-06
    0.0045960671242256147 3.9253206847137419e-05
    0.0047151999931184995 5.3572114387260536e-05
    0.0048554609510713907 5.5434896067465696e-05
    0.0049852644345960151 5.2342479271968644e-05
    0.0051056257218308893 4.1820141258785067e-05
    0.0051903334560337785 2.9227692655936364e-05
    0.0052435154085112541 1.2398840964967869e-05
    0.0052568931555817622 -1.7823953523984324e-06
    0.0052352427165824758 -1.2308771832989033e-05
    0.0051982248143758805 -1.8259924461943479e-05
    0.0051539902786312645 -1.6702501340344795e-05
    0.0051148638929599489 -1.2750591818502369e-05
    0.0050883899313451291 -8.9289667203899045e-06
    0.0050739011595244956 -3.6322150161763133e-06
    0.0050714505442845505 1.3710883843953777e-06
    0.0050827642262925403 6.2928277197598339e-06
    0.0051040459270245888 1.0255833432934422e-05
    0.0051343731144237311 1.2774939633285869e-05
    0.0051685784416520778 1.3349818585009774e-05
    0.005202402287187163 1.1907135609792597e-05
    0.0052293714620464289 9.2808583021724424e-06
    0.0052493073726286293 6.0805158601948074e-06
    0.0052615281699962277 3.417418056815079e-06
    0.0052674106541088957 1.6978673316736598e-06
    0.0052700870618517916 3.3320661273291368e-07
    0.0052702920683815315 -2.8900619930425868e-07
    0.0052679855464168156 -4.7400259483737296e-06

  level 7
    0.0062233457223930151 0.00013971778560715537
    0.005779005233005648 0.00026132194747941363
    0.0052404438361529733 0.00020669209064061488
    0.0048424071138869051 0.00014641909795822918
    0.0045483306146431365 0.00010294746775804806
    0.0043468857968995299 7.5404070276230471e-05
    0.0042243264957834556 2.922195316983092e-05
    0.0042087109496030369 8.7421205541290086e-07
    0.0042531843257109046 -2.5470215590619757e-05
    0.0043377821998500836 -3.9127240395306451e-05
    0.0044405752927183031 -4.309910897261016e-05
    0.0045443684258855699 -4.0802469372236153e-05
    0.0046318280168972286 -3.4544568947938993e-05
    0.0047050536879455181 -2.2690430596008693e-05
    0.0047480297384332702 -1.2549197333415646e-05
    0.0047643801554111791 -2.9840745493147242e-06
    0.0047490977306571033 5.0032721851595414e-06
    0.0047280351134222822 1.6858953941404927e-05
    0.0046855645441911224 8.7925921900616701e-06
    0.0046593734006097932 9.8510286206855549e-06
    0.0046381297225312219 1.0786806718168808e-05
    0.0046285096884022461 6.6149326815129439e-06
    0.0046246070948518809 -1.602088105275272e-06
    0.0046219528379691302 -6.0211795436621477e-06
    0.0046422372995667182 -3.972217991856211e-06
    0.0046623737818070462 -7.9785051739811589e-06
    0.0046883433648102933 -8.2262353172271169e-06
    0.0047059343813102752 -1.3602861871008735e-05
    0.0047268412524752099 -1.0654148162090737e-05
    0.0047529074432540947 -2.9032231182840654e-06
    0.0047653396319302646 -2.540258385372084e-06
    0.0047531222622823471 -9.0380180870552543e-06
    0.0047580918267546837 2.7080859595744128e-06
    0.004746814829564211 3.432669558495267e-06
    0.01240529355157928 8.8413669877756938e-05
    0.01275299879919597 0.000275620347330287
    0.013202056093959968 0.00027575290173133629
    0.013560542991901587 0.00020944916162938897
    0.013822116768022356 0.00015509441807474536
    0.014011461072808011 0.0001073237615964558
    0.014121570745632226 5.3127485874346827e-05
    0.014155021521072144 2.8544780016535372e-06
    0.014121376240563369 -3.5215330437918314e-05
    0.014047401961785101 -5.8431933871286396e-05
    0.013955797192654133 -6.8023858135438992e-05
    0.013860150867308107 -6.7242358338770946e-05
    0.013775202977527792 -5.8306161203526988e-05
    0.013709940353270928 -4.3625497519160862e-05
    0.013667769122995114 -2.649694282423955e-05
    0.013651818059510415 -9.1205112253481455e-06
    0.013659812211205784 6.7690885826247457e-06
    0.013684761851849522 1.8473409617708131e-05
    0.013717221178111237 2.2001401390107385e-05
    0.013746943078804856 2.0392176986725477e-05
    0.013770785717020874 1.6161757104618548e-05
    0.013786739802496841 9.5289467264209532e-06
    0.013792678108147832 1.4347276240259447e-06
    0.013788360135541187 -5.6133920599800548e-06
    0.013776284298549553 -1.0893392530622602e-05
    0.013757693353449034 -1.4973073305486846e-05
    0.013735096196240375 -1.7323988210660271e-05
    0.01370932139519781 -1.7763738197324024e-05
    0.013686634925688671 -1.537050084564603e-05
    0.013669416444043346 -1.1443550374479083e-05
    0.0136578999426355 -7.8358940471954604e-06
    0.013650157925358187 -4.5077652917709531e-06
    0.013646527647182841 -1.4700902047782509e-07
    0.013645486521786408 2.7276108141566566e-06
    0.012398444165856289 -8.972902779370326e-05
    0.012742116589640579 -0.00027033418777099017
    0.013193969271402003 -0.00027131990323473333
    0.013548707023032881 -0.00020770839398187504
    0.013807555309409383 -0.00015756517403930405
    0.013988264612920057 -0.00011171365321833221
    0.014093439710670445 -5.8354172507989675e-05
    0.014121109963145494 -6.8548581197355317e-06
    0.014086895860438061 3.329044412328167e-05
    0.014012667955956947 5.8355813897643806e-05
    0.013920612919654581 6.9360967395461928e-05
    0.013827274687602741 6.9238769415259983e-05
    0.013743941875945579 6.0813535722031517e-05
    0.013679382372234213 4.6254227902622462e-05
    0.0136376326621788 2.8124721415780064e-05
    0.013620424946416569 9.0319592419886687e-06
    0.013626704447333016 -8.037041800031709e-06
    0.013649315109311191 -1.9560614361307523e-05
    0.013678692047424699 -2.3793531847058416e-05
    0.013706541170649806 -2.1355546130870739e-05
    0.013726388071761925 -1.5093676026449297e-05
    0.013738870878041765 -8.0974789209371595e-06
    0.013742760284905575 -1.4250642872270794e-06
    0.013737211934719197 5.235164672470714e-06
    0.013723942333073388 1.1409289580442504e-05
    0.013704341674755248 1.6025050682574396e-05
    0.013681347808095382 1.8142208525178709e-05
    0.013658282496199841 1.7573298535344045e-05
    0.013637783266296848 1.4940130993906951e-05
    0.013621933977917671 1.1158592374669053e-05
    0.013611032564273805 7.1976494893870311e-06
    0.013604739747625619 3.9268231256083884e-06
    0.013602933082595581 1.4616739053297688e-06
    0.013605364335667367 -1.6863504583451379e-06
    0.0062292284872061485 -0.00014318023012781917
    0.0057781680785101161 -0.00025920603670589055
    0.0052443365576510421 -0.00020134291440255882
    0.0048425780651008884 -0.00014309885094979745
    0.0045510906078745136 -0.00010589601663218095
    0.0043486306202334124 -7.1713587468967809e-05
    0.0042282594148478486 -3.3432004710180977e-05
    0.0042000730954118229 5.0004546867543006e-07
    0.0042402982482808854 2.5115341167682917e-05
    0.004326651194195185 3.8368026685813541e-05
    0.0044271855508833564 4.3619978976077528e-05
    0.0045350153336957272 4.0539333849099691e-05
    0.0046264560680981644 3.4935639685006208e-05
    0.0046998907516366721 2.4454982267078497e-05
    0.0047445908307631474 1.289166733480565e-05
    0.0047601346231695256 1.52655821469634e-06
    0.0047530592099462518 -8.0061973093770558e-06
    0.0047254643694863291 -1.2370409352434235e-05
    0.0046907081657954867 -1.2998561077357435e-05
    0.0046600030544067476 -1.1214524016675095e-05
    0.0046361384776417609 -7.6458961090907419e-06
    0.0046218400878863287 -3.8906459262640104e-06
    0.0046183456969221973 1.6345799354151741e-07
    0.0046236084018952649 3.8696643032493286e-06
    0.0046386358200182359 7.1568215062444974e-06
    0.0046609406659543773 9.4585777633674423e-06
    0.004687731842546769 1.033617552778504e-05
    0.0047134081866468131 9.7754283147328635e-06
    0.0047352083335610497 7.8540169296149565e-06
    0.0047521879532998303 5.5098835084716943e-06
    0.0047623903883396816 3.4299372549673169e-06
    0.0047675642060115379 1.4868775848954217e-06
    0.0047712496896712168 3.8639228992774931e-07
    0.0047696032290782536 -3.1249651856434807e-06

  level 8
    0.0079091677536650886 -0.00034573548834711449
    0.008224866049691807 -2.458149394009175e-05
    0.0080275221077135278 0.00014272414635077001
    0.0076487962078551084 0.0001421861323460827
    0.0073465702978647166 0.00010935339514807596
    0.0071125114658882813 7.9827011399415733e-05
    0.0069439012848532388 6.1805634329920183e-05
    0.0068444421598145054 3.1915786991634006e-05
    0.0068081729273918919 6.1136361284340849e-06
    0.0068272047869051833 -1.5272895012355128e-05
    0.00688457496224135 -2.8072675587211701e-05
    0.0069586602544009007 -3.3559013902475425e-05
    0.0070496409199987918 -3.387062050489625e-05
    0.00711784505550268 -2.7052430317895078e-05
    0.0071775718457238622 -2.128847132504796e-05
    0.0072148568674452835 -1.2258676027474245e-05
    0.0072424114500938327 -5.6229486085538513e-06
    0.0072381616179939701 3.9574392579044127e-07
    0.0072218515432415651 1.2364678784604248e-05
    0.0072017502527124697 8.9017719292258234e-06
    0.0071827280072756638 7.7971157997634686e-06
    0.0071525082175455841 8.8051894332541693e-06
    0.0071337515472898183 5.9299851881983701e-06
    0.0071365571720761059 -1.1001603596853553e-06
    0.0071337938896308345 -3.3219595313607737e-06
    0.0071525881394405577 -6.6432282976187252e-06
    0.0071576205065375931 -7.0415068773050256e-06
    0.0071826884701741613 -6.7829898173990304e-06
    0.0071994956941818095 -4.8346980673282392e-06
    0.0072195635376951992 -7.1439256960164455e-06
    0.0072320764158201279 -5.4739073875220866e-06
    0.0072465097817215711 -1.4892558256726361e-06
    0.0072511995496566395 -4.4019089958835891e-06
    0.0072486745531200707 1.1961924390429665e-06
    0.014916588185033258 -0.00023777817604964406
    0.014624769687089251 -6.7621806484683487e-05
    0.014759549744369032 0.00017416616429874002
    0.015085930038063565 0.00022104631262308678
    0.015369064862799466 0.00017665509106152877
    0.015578977117936229 0.00013010551603447138
    0.015732823830005953 9.1700738010564722e-05
    0.015833174761280291 5.1114607031531675e-05
    0.015870573365910051 1.0953816534976212e-05
    0.015856375522183996 -2.1641002569983788e-05
    0.01580742206719115 -4.2509468131233948e-05
    0.015737092506940574 -5.2230778471455836e-05
    0.015662719925445594 -5.3306327387666531e-05
    0.015594252372944321 -4.7549903959998355e-05
    0.015538115020720326 -3.7413620628694259e-05
    0.015500163992269096 -2.4413658947501543e-05
    0.015482818925129075 -1.0621154430722659e-05
    0.015483197197154849 2.6350283074750856e-06
    0.015499780183981595 1.261183966190007e-05
    0.015523741766284946 1.6647354177709511e-05
    0.015547909092159702 1.6901342012058607e-05
    0.015568724973769583 1.4075655387312542e-05
    0.015583371630139283 8.5799696049950861e-06
    0.01559025098450237 2.1062699797482745e-06
    0.015589119762154265 -2.9790349290978524e-06
    0.015581914308705154 -7.3718091478927064e-06
    0.015568249595485716 -1.0978977264782165e-05
    0.015549172198670505 -1.3365757869805541e-05
    0.015528811127653202 -1.3727030771209617e-05
    0.015510404020195372 -1.2256526481541559e-05
    0.015495651048013596 -9.7681665790171261e-06
    0.015485127533099257 -7.3584897121858135e-06
    0.01547705555275691 -4.0326754063632936e-06
    0.01547212119725493 6.0811691839999332e-07
    0.014906013858829422 0.00023557790329530246
    0.014617586643091651 6.582229788511727e-05
    0.01475287825382909 -0.0001699069076891282
    0.015077451596778807 -0.00021836898385816069
    0.015358231026608294 -0.00017622057632002032
    0.015559602353343355 -0.00013226671698713581
    0.015707781158504495 -9.5587794191698779e-05
    0.015801148810060794 -5.5519988556436601e-05
    0.015836481449215994 -1.4168011589579425e-05
    0.015820992374262492 2.0132229847940597e-05
    0.015770930573469816 4.2801203593202111e-05
    0.01570267390551968 5.4119418914351878e-05
    0.015629542575403207 5.5956832949680412e-05
    0.015562174714682421 5.044788164371823e-05
    0.01550696912275859 3.9403007496746119e-05
    0.015468466924289579 2.5314061930885376e-05
    0.015449429668226565 1.0377726155699453e-05
    0.015448626806281354 -3.1851174932434797e-06
    0.015462606772843886 -1.3073177992513794e-05
    0.015484651497903418 -1.7690954009263282e-05
    0.015505874035114296 -1.6997827563844943e-05
    0.015523890156895289 -1.2914414785338111e-05
    0.015536142803907327 -7.8604068394445179e-06
    0.015540836143337813 -2.5477462872099173e-06
    0.015538612732591179 2.9319734485039993e-06
    0.015529822952365924 8.0925816790278881e-06
    0.015515753688319818 1.2013790075010063e-05
    0.0154984806516274 1.4063676704638835e-05
    0.015480218846831656 1.4114221060621876e-05
    0.015463439358939225 1.2372138453515271e-05
    0.015449650232849894 9.501105915995378e-06
    0.015439623449000614 6.3407182382765711e-06
    0.015433885388775968 3.7090764303549013e-06
    0.015432344922213979 9.7786070029018242e-07
    0.0079034974133578104 0.00034218369342600393
    0.0082260830622696585 2.57705728535097e-05
    0.0080366091160058006 -0.00014304211231113356
    0.0076708809697926643 -0.0001424977427802096
    0.0073597469961768653 -0.00010955227341808444
    0.0071270438068797258 -8.2704405457451237e-05
    0.0069581613052323186 -5.8676640975581638e-05
    0.0068506411996883511 -3.2113933312726551e-05
    0.0068097638691601353 -6.0232119929422501e-06
    0.00682573874617647 1.5076771329401137e-05
    0.0068830036216606452 2.6958157083535847e-05
    0.0069588013988786963 3.2919984288632121e-05
    0.007043350388818064 3.2728337246784673e-05
    0.0071198470053779536 2.9240928134950363e-05
    0.0071820752496693941 2.1327175199575565e-05
    0.0072253208545210879 1.2576280170086563e-05
    0.0072441558927475117 4.7147045740758465e-06
    0.0072422453400742999 -3.5586982764495877e-06
    0.007225582842703129 -8.9568791063813749e-06
    0.0072003503167976761 -9.9363984638652199e-06
    0.0071747325664117999 -9.3526384126527202e-06
    0.0071543298383769383 -6.8194679381615716e-06
    0.0071407475550121641 -4.0829377940970615e-06
    0.0071351548568879559 -9.3565759182724075e-07
    0.007137298218086837 2.0869857046213176e-06
    0.0071471007365900511 4.8913339782488764e-06
    0.0071626905942324447 7.0959570219946498e-06
    0.0071826750291206845 8.072472687463781e-06
    0.0072031486133598676 7.9690283614858633e-06
    0.007221731241936093 6.6685897901840124e-06
    0.0072365544811341647 4.9543468718518259e-06
    0.0072464349587319527 3.272540411227401e-06
    0.0072529154174272026 1.6978418371984237e-06
    0.0072546952767871594 1.5654893136753035e-06

  level 9
    0.0097394752499760165 -0.00037506972559771473
    0.010348829365220167 -0.00033845786564196606
    0.010826779280499245 -0.00012378462895981453
    0.010873038923482917 5.8565763352912516e-05
    0.010654646959636058 0.00011610999999412713
    0.010387199026960175 8.6628755807042519e-05
    0.010184984991974034 7.5431074291310615e-05
    0.010027074296094902 5.221109273107536e-05
    0.0099183125481063228 3.3316568477221491e-05
    0.0098628837237735335 1.3998847382210106e-05
    0.0098545134523268518 -4.6464801847013437e-06
    0.0098803474801577446 -1.7947844859098699e-05
    0.0099468264956181843 -2.0868045321266174e-05
    0.0099986173879058945 -2.7971817003150866e-05
    0.010061271728220135 -2.4364562155363169e-05
    0.010110851888083063 -1.8296962964629822e-05
    0.010169038688189013 -1.1434409749241525e-05
    0.010186283041302339 -1.6376444058722417e-05
    0.01020409946312285 5.8703204686988848e-06
    0.010199616607559227 5.9905458532073527e-06
    0.010186266848442739 3.3137031380179561e-06
    0.010150612487890821 4.16983175038156e-06
    0.010126238469301671 9.7096242062758465e-06
    0.010131607698739145 6.6207169164053984e-06
    0.010113113291403185 -5.0829716073356998e-06
    0.010121660314429751 -2.1259952661840345e-06
    0.010114250086874756 -6.7130431926240413e-06
    0.010137988095086675 2.9042316685611121e-06
    0.010150122614545903 -2.6856437770606078e-06
    0.010157611587950125 -1.0534839026677805e-05
    0.010168078439121092 -8.3824222881701155e-06
    0.010210089874223748 6.257865031854567e-06
    0.010222162664592613 -8.8748249909636647e-06
    0.010242348594556656 -6.3617401491605046e-06
    0.018593979576625903 -0.00024486499764105773
    0.018077891904656751 -0.00031768319067857886
    0.017656270875999344 -0.00018119722514939882
    0.017585110688523756 4.3918247020945618e-05
    0.01778469626336707 0.00016819098274995561
    0.018026892158285134 0.00016312472144544178
    0.018216493029225483 0.00012348478459544876
    0.018360314773924816 8.9087681726869085e-05
    0.018458933470705978 5.7346169810786759e-05
    0.018513363873720521 2.5324334348406769e-05
    0.018526176191016742 -3.6915926779181688e-06
    0.018501506136426212 -2.4546769206162373e-05
    0.018455671543023088 -3.6804502675705113e-05
    0.018398977543806726 -4.2168650114228381e-05
    0.018340580644808542 -4.0459330718522602e-05
    0.018290428176105572 -3.3710795834216968e-05
    0.018253886961729238 -2.4779562718433896e-05
    0.018230041830707488 -1.4987322607544844e-05
    0.018222058822749441 -2.9361374574546826e-06
    0.018229570983816178 6.1106731736040291e-06
    0.018244843184090184 1.0426390868893953e-05
    0.018262636474703949 1.2861930112893281e-05
    0.018281088385119056 1.3638142762151458e-05
    0.018297459966226753 9.9453163532819229e-06
    0.018306335544759866 3.8255380103463489e-06
    0.018308802003772093 -5.0594180367627726e-07
    0.018305023242187621 -3.7096401659086524e-06
    0.018295574792155031 -6.1859042205547083e-06
    0.018282536511600594 -9.2941441562948041e-06
    0.018266624569222976 -1.1260757385433011e-05
    0.018250305218110358 -1.0381315670667058e-05
    0.018237890415826442 -8.2638093897929055e-06
    0.018226981562954138 -8.1603384701221773e-06
    0.018214852685413629 -5.8006963928986637e-06
    0.018580284569026596 0.00024410990249695667
    0.01806612433251303 0.00031268626968261148
    0.017647675325116893 0.00017967108657917708
    0.017576647944389567 -4.1430376441247221e-05
    0.017776773487502322 -0.00016441886913334895
    0.018011967602716977 -0.00016125640419154986
    0.018196830504145337 -0.00012414659175436076
    0.018334037398183407 -9.2117929422154201e-05
    0.018429540872209396 -6.2115486273527681e-05
    0.018481306574098119 -2.9569736861669058e-05
    0.018491009866928004 1.2707936924726844e-06
    0.018466946219258276 2.5128239331214441e-05
    0.018420867673666963 3.9420015630219611e-05
    0.018365280558486127 4.4889264782244507e-05
    0.018309036975295928 4.3225461953998045e-05
    0.018259169544542691 3.6689856140776797e-05
    0.01822088746376269 2.6715281491465338e-05
    0.018196415556929101 1.4727796255316609e-05
    0.018187514904748025 3.2889084875894735e-06
    0.018192774065956888 -6.1405110382757113e-06
    0.018205502054960153 -1.2343711811760314e-05
    0.018222105581821607 -1.3885463111548042e-05
    0.018238688488976033 -1.1777997934934987e-05
    0.018251597722955693 -8.3840419838213061e-06
    0.018258948842970114 -4.6269779476776938e-06
    0.018260094614586983 -1.8796262465542789e-07
    0.018255984685481993 4.4327342596877787e-06
    0.018247526693020242 8.2414208762967566e-06
    0.018235560201874577 1.04972303260111e-05
    0.018221418560880099 1.1163450162404992e-05
    0.018207103708218108 1.0640334428549881e-05
    0.018194637035304335 9.0065984830501071e-06
    0.0181847987275046 6.7172420892086551e-06
    0.018176814716389142 5.2872693730249527e-06
    0.0097279938333109592 0.0003733315816309568
    0.01034840104056267 0.00033579864802685781
    0.010833425107052949 0.00011769101698462374
    0.010896461404875851 -6.0969493917337374e-05
    0.010668306300123567 -0.00010976600281013231
    0.010399854783973081 -9.3005465376471972e-05
    0.01019577236480175 -7.2052985732461633e-05
    0.01003823166259846 -5.3094435946018586e-05
    0.0099287746114571623 -3.4773960727076724e-05
    0.0098658256039647896 -1.390194144066521e-05
    0.0098577046135628187 2.0604244923924953e-06
    0.009881996597321514 1.7144956156253722e-05
    0.009938456121563884 2.3348476137416448e-05
    0.010001807238633368 2.7095268926232744e-05
    0.010067977827279318 2.4251515961509217e-05
    0.010126935457285902 1.9571007360055524e-05
    0.010166061498330457 1.5388538419938641e-05
    0.010191620106297313 6.9647103012709417e-06
    0.010201956427724361 -2.453772236065932e-07
    0.010195025300124894 -4.2165453223636999e-06
    0.010179378938228834 -7.4720738815440734e-06
    0.010160211352186374 -7.7459593087544474e-06
    0.010141359555702334 -6.5562198592839256e-06
    0.010128733626884023 -4.4862061338032257e-06
    0.010120852142582256 -2.0816730560385396e-06
    0.010119014593149225 4.0360985255079423e-07
    0.010122107442565689 2.9656680253683558e-06
    0.010132578149375836 4.7020777950841784e-06
    0.010148090578304311 6.1499755542870277e-06
    0.010164083090482549 6.3866554032169873e-06
    0.010181304126965126 5.7262759244846825e-06
    0.010196610324720051 5.0598595480610023e-06
    0.01020509130351711 3.6521839459980132e-06
    0.010212672741273358 5.9354382891029004e-06
