femx_time_obs_data

num_levels 10

time_values
  0
  0.11111111111111116
  0.22222222222222232
  0.33333333333333326
  0.44444444444444442
  0.55555555555555558
  0.66666666666666652
  0.77777777777777768
  0.88888888888888884
  1

num_points 45
points
  -0.012 -0.0015 0
  -0.0090000000000000011 -0.0015 0
  -0.0060000000000000001 -0.0015 0
  -0.0029999999999999992 -0.0015 0
  0 -0.0015 0
  0.0029999999999999992 -0.0015 0
  0.0060000000000000019 -0.0015 0
  0.0090000000000000011 -0.0015 0
  0.012 -0.0015 0
  -0.012 -0.00075000000000000002 0
  -0.0090000000000000011 -0.00075000000000000002 0
  -0.0060000000000000001 -0.00075000000000000002 0
  -0.0029999999999999992 -0.00075000000000000002 0
  0 -0.00075000000000000002 0
  0.0029999999999999992 -0.00075000000000000002 0
  0.0060000000000000019 -0.00075000000000000002 0
  0.0090000000000000011 -0.00075000000000000002 0
  0.012 -0.00075000000000000002 0
  -0.012 0 0
  -0.0090000000000000011 0 0
  -0.0060000000000000001 0 0
  -0.0029999999999999992 0 0
  0 0 0
  0.0029999999999999992 0 0
  0.0060000000000000019 0 0
  0.0090000000000000011 0 0
  0.012 0 0
  -0.012 0.00075000000000000023 0
  -0.0090000000000000011 0.00075000000000000023 0
  -0.0060000000000000001 0.00075000000000000023 0
  -0.0029999999999999992 0.00075000000000000023 0
  0 0.00075000000000000023 0
  0.0029999999999999992 0.00075000000000000023 0
  0.0060000000000000019 0.00075000000000000023 0
  0.0090000000000000011 0.00075000000000000023 0
  0.012 0.00075000000000000023 0
  -0.012 0.0015 0
  -0.0090000000000000011 0.0015 0
  -0.0060000000000000001 0.0015 0
  -0.0029999999999999992 0.0015 0
  0 0.0015 0
  0.0029999999999999992 0.0015 0
  0.0060000000000000019 0.0015 0
  0.0090000000000000011 0.0015 0
  0.012 0.0015 0

num_components 2
components
  0
  1

values
  level 0
    0.0073866168329060023 9.0687464299634622e-05
    0.006915499319122928 7.3874520517726921e-06
    0.0071540754319306104 -5.305804355277321e-05
    0.0075181994273044016 -9.7941079426735371e-06
    0.0075398102039491901 -1.6672638215287441e-06
    0.0075422246116858523 -4.399990827657527e-07
    0.0075399682268919542 -2.2878217061957776e-07
    0.0075348187363052941 -1.1505186676864096e-07
    0.0075360044648702575 -2.3091643245858516e-06
    0.012371645162702232 0.0002104797439569794
    0.012454756908470449 2.4093171895627423e-05
    0.012388621528373393 -0.00012375039562041273
    0.012335068996666801 -3.2637235264592637e-05
    0.01234359144565822 1.3119304506250029e-07
    0.01234130741795119 -2.5027919702767663e-07
    0.012340541107347542 3.8543157489457423e-07
    0.012338438480113055 1.7173570675198692e-07
    0.012338641065046545 -3.4761516963604258e-07
    0.014108094996616208 4.5284709211541107e-07
    0.01484101240825738 -1.8647377664229815e-06
    0.01453599276806708 6.5185364122253793e-07
    0.013942233349540532 7.8009886220117568e-07
    0.013903930323022142 5.6174724483474008e-07
    0.013905438666051971 2.0877696432324571e-07
    0.013906941790455063 -2.2261163404475013e-07
    0.013906729662136852 -1.2154012235169621e-07
    0.013907086668413338 1.6686441215513442e-07
    0.012384396655742867 -0.00020985069052900445
    0.01245790969923268 -2.7694039505070838e-05
    0.012391343980011797 0.00012587021012895478
    0.012349801584070882 3.4573739011647059e-05
    0.012364380769841138 4.2343519177200082e-07
    0.012365639801025251 1.2496963755848143e-07
    0.012363563547000361 -3.0726432794020412e-07
    0.01235996503908629 -5.6811134245196478e-09
    0.012357902126548642 2.3037260786822687e-07
    0.0073805491955832407 -8.2060402402945652e-05
    0.006910921354432365 -1.1544931257545873e-05
    0.0071400822814831058 5.0966698645617351e-05
    0.0074971493014873106 9.8919588829732256e-06
    0.0075055737270954921 3.2592930221611232e-07
    0.0075055295466109583 -4.1260813562582685e-09
    0.00750689102680001 -8.4571662247954168e-08
    0.007503239336953166 3.7131559444685097e-08
    0.0075036568871712003 -1.7674884417716709e-07

  level 1
    0.0098024421413072469 2.9548921533951259e-05
    0.0092891306374387195 2.8435240928239894e-05
    0.0092597833825270783 -2.4833912354205349e-05
    0.0096090405158204845 -3.0787962004721809e-05
    0.0097116604553070876 2.6919433347433071e-07
    0.0097176830928953177 -1.1331006978725518e-06
    0.0097173323422136051 2.2441879294737923e-06
    0.0097118320212416336 -2.4676376136191716e-06
    0.0097093579268029469 -5.2267011343905105e-06
    0.014922929665765349 1.7407563796345254e-05
    0.015047676891036706 8.7711918889416029e-05
    0.015034388215024118 -5.6044471354293779e-05
    0.01495659289220045 -7.9330160610741288e-05
    0.014966915768954699 2.0161257754558118e-06
    0.01496557321249363 -4.3971331866817771e-08
    0.01496262885248157 2.3614266830894817e-06
    0.01496047054242953 -7.066567246679618e-07
    0.014961836883570423 -1.0459136806581036e-06
    0.016439382665320777 2.1139919895547507e-06
    0.01713846672300607 -1.3139555335795116e-06
    0.017237547401199708 -9.4517585247018877e-07
    0.01673123666417067 1.1157975460494068e-06
    0.016540358965571107 1.1081882395071348e-06
    0.016544107636054281 2.5222195238747766e-07
    0.016545031550274085 8.0999971897221109e-07
    0.016545220480643056 -5.6399573518474689e-07
    0.016546126571180399 -9.699123853379e-08
    0.014934762893654911 -1.6260811016896141e-05
    0.015056641038543293 -9.0773527319646302e-05
    0.015038757840290091 5.5305978459575156e-05
    0.014970198689654799 8.1542039691753803e-05
    0.014987416101965134 -2.4570527715468141e-07
    0.014988415111807811 1.7774873152006668e-07
    0.014986732213333818 1.7670335663611058e-07
    0.014983408254245125 -2.48980333057415e-07
    0.01498131479205457 1.5625618980993313e-07
    0.0097637301832510272 -2.0055923277373734e-05
    0.0092642670166548317 -3.2544584715434151e-05
    0.009227135690370758 2.1735929385169431e-05
    0.0095652936773759217 2.9171915963625937e-05
    0.0096503026415873557 1.3412051385530321e-07
    0.0096489894297415481 8.1035057392712286e-08
    0.0096517097427864934 -3.0800635824351574e-08
    0.0096469771870427903 7.0896885237134638e-08
    0.0096472289758181805 -1.9995289409296417e-07

  level 2
    0.01041636840653911 -0.00010673650771801046
    0.010404635281372539 4.3286770507453134e-05
    0.010165197525667113 1.1604590741174764e-06
    0.010342955187449449 -3.411400994764984e-05
    0.01055551823240258 -2.9724812714399246e-06
    0.010571938884655706 -1.2840665424300889e-06
    0.01057230316631759 3.0196330246895566e-06
    0.010570590856007063 -3.765447389818639e-06
    0.010565878273396008 -5.2370049099373359e-06
    0.016551847314400049 -0.00026010383691020599
    0.01661720096875359 0.00012358918928926114
    0.016631112669703983 8.4705466924561078e-06
    0.016577124318133261 -7.6559215682497385e-05
    0.016557693345773446 -1.7402163253650094e-05
    0.016564231905556889 -1.573893253434492e-07
    0.016560008680496216 2.4581819435213927e-06
    0.016558460032464285 -1.4182966220412967e-06
    0.016559777457082828 -6.8258702407694625e-07
    0.018485592260362612 -6.2783425758484461e-08
    0.018312043660362258 1.2840662921957569e-07
    0.018753961740048078 -2.4269548404277731e-06
    0.01853994712992476 1.4147164255073909e-06
    0.018188587546567554 1.7759736302334443e-06
    0.018164054178777311 -2.3638304933041212e-07
    0.018164188357369871 1.1400920187731676e-06
    0.018165424135196232 -8.6035333031878822e-07
    0.018166212358866372 -7.2009227358524111e-09
    0.016560052386731441 0.00025991516316671494
    0.016632560502340434 -0.00012352213383912312
    0.016643991670610092 -1.1753722511297272e-05
    0.016591971624037007 7.8936334197617433e-05
    0.016581877406495676 2.0975741078057452e-05
    0.016590961963787742 -3.5912044879550893e-07
    0.016588690451277595 4.4194185124007279e-07
    0.016586231150291474 -4.0302099026379307e-07
    0.016583349056381782 1.4308896902841265e-07
    0.010361252698261396 0.00011092396148484288
    0.010362436068061982 -4.6517473254374053e-05
    0.010116943021843103 -4.0714225550150656e-06
    0.010282400926086113 3.2338984278542881e-05
    0.0104809173262748 5.2999023515015939e-06
    0.01048715359629282 4.8668669614709506e-08
    0.010490126770916895 2.6609469173042741e-08
    0.010486208912378475 7.0252006983069755e-08
    0.010486166470689562 -1.4292324995737582e-07

  level 3
    0.009050289793335841 -0.0001295741849135899
    0.0096822942996912381 1.1041486033011057e-05
    0.0094053710410002128 1.8926397797008734e-05
    0.0093934371528610304 -1.6929616272449061e-05
    0.0095992990931026666 -1.427454208748537e-05
    0.0096701447464073217 -6.7178344322519032e-07
    0.0096693330164722632 2.3710555286877455e-06
    0.00967590073071487 -2.7474478142421957e-06
    0.0096704455312411255 -3.1593555962364747e-06
    0.016528945144838735 -0.000253207239640839
    0.01638057529799871 -4.3923712289914714e-06
    0.016455981395824163 5.8158865049531418e-05
    0.016431392785293854 -3.2424673373459999e-05
    0.01638495875864741 -4.6805229211633706e-05
    0.016395251931225457 -7.2794242350601928e-07
    0.016392064347653744 1.5412842351940672e-06
    0.016390876125534956 -7.3080659982507718e-07
    0.016390644121874506 -4.4768421866967113e-07
    0.018983554580737361 -1.9140675940874028e-06
    0.018027190498666783 -2.5345284048598983e-07
    0.018405693856137405 -2.0346926856551429e-06
    0.018500020942387028 2.2449413796580019e-07
    0.018200070814067014 2.2081547790045539e-06
    0.018060290497541522 -2.2139330368201019e-07
    0.018060679875735224 8.4212100701701141e-07
    0.018062302150376429 -2.9464825903463369e-07
    0.018062797128576797 -2.1404267484027033e-07
    0.016537829226467769 0.00025124829773663052
    0.016399021290144575 6.4301691744579476e-06
    0.016480545473910112 -6.134383598792835e-05
    0.016451257337734712 3.2888698370388863e-05
    0.016413612062603247 5.1545897339058895e-05
    0.016428738673732186 3.8007694431285446e-07
    0.016426005121041531 4.4890906151810639e-07
    0.016424070472362971 -1.3499186980425537e-07
    0.016420529438256178 -2.2427838484915561e-08
    0.0090014596950764234 0.00012755026674896968
    0.0096332296006212074 -1.3224352764418738e-05
    0.0093530817098308287 -2.0815178919021844e-05
    0.009330595276732738 1.5625849512048885e-05
    0.0095334752792604338 1.7149949147371262e-05
    0.0095954114805616164 -5.3657394910996907e-08
    0.0095962196385982555 5.5473227210259835e-08
    0.0095944662321563162 8.1087320005597061e-08
    0.009594300616446021 -6.7726465768025618e-08

  level 4
    0.0066069214696421394 -6.9002525874749401e-05
    0.007325197333157011 -4.7465734010612823e-05
    0.0073122980845237336 2.6131308791313467e-05
    0.0071743487110148205 -3.0120088716846179e-07
    0.0072756208438521045 -1.5651084115540494e-05
    0.00740134213980674 -3.4492786585088106e-06
    0.0074068643918454406 1.2590285445872381e-06
    0.0074199231881799024 -1.0843573009974023e-06
    0.0074141245177293735 -8.5332539511270732e-07
    0.014745848121784314 -0.00012239925977497608
    0.014509386993317164 -0.00013528259018868888
    0.014587795496129471 6.7757849168379407e-05
    0.014588128949803544 5.685944329802442e-06
    0.014546752711633255 -4.2757048735278404e-05
    0.014537827859887366 -1.3791846398524023e-05
    0.014541402923315138 4.1038924425374955e-07
    0.01454064379222287 -2.1446267374840571e-07
    0.014538659888522612 -2.318252776767213e-07
    0.017457187953558977 -2.4878628848818083e-06
    0.016558918712374415 -3.4615490944815902e-07
    0.016411435210956324 3.4128410665904374e-07
    0.016688031360298984 -9.5117732967356814e-07
    0.016565579426418529 1.9252650685623011e-06
    0.016351089564715093 1.7892874246416544e-07
    0.016325468931405192 -2.1256534686836088e-08
    0.01632731382331476 1.3175571564939928e-07
    0.01632772250456252 -2.828540151253338e-07
    0.014756647379146651 0.00011942657821004213
    0.014528198597508445 0.00013626695512785822
    0.014618079703259401 -6.8363353126662944e-05
    0.014615563670508449 -7.083121364984763e-06
    0.014578902884629692 4.6961657938451401e-05
    0.01457656969933613 1.4461641699588626e-05
    0.014579968812862169 -2.9612062747955668e-07
    0.01457743768978385 1.0907471699733896e-07
    0.014573958307524389 -1.3504009912402152e-07
    0.0065759282900934354 6.3457821990581381e-05
    0.0072837360671955086 4.6592650633707959e-05
    0.0072684354967349277 -2.6099681673707975e-05
    0.0071265107872459828 -4.4451022083962147e-07
    0.0072349641245497455 1.8135719835330064e-05
    0.0073557980015660704 3.763881216993491e-06
    0.0073621337241863384 -7.5661620302112992e-08
    0.0073625540194856521 7.9464284194633666e-08
    0.0073626540298243805 2.2272775342077027e-08

  level 5
    0.004115455166382849 -6.5735148051720452e-06
    0.0045783489871526108 -5.9298149158169648e-05
    0.0048247943396761634 1.1429028137097773e-05
    0.0046668130653010776 9.6794459275314186e-06
    0.0046732029762316142 -9.0230153525603433e-06
    0.0047943187824649892 -8.046059524193387e-06
    0.004822573758219496 -3.0339363712695661e-07
    0.0048355615001436378 -2.4897791401797107e-07
    0.0048311870077794115 6.8311103520176111e-07
    0.012063226624824883 4.4542228749408988e-06
    0.011889808450711668 -0.00014359170883504664
    0.011886705975904629 1.438263820077032e-05
    0.011922108006464871 2.868232204904161e-05
    0.011896165958509817 -2.3461551996981989e-05
    0.011871583311200976 -2.4370228976756286e-05
    0.011876870595023278 -1.2832880740987232e-06
    0.011877083515371586 -2.1117198461874569e-08
    0.011874189070813595 1.2880035718042798e-07
    0.014793887022722628 -2.5234615637420556e-06
    0.014289704321498082 -4.259153928086532e-07
    0.013810379812610456 1.5219077314380329e-06
    0.014038736469233384 -1.0160784854738104e-06
    0.014061147139346836 9.6053848712208616e-07
    0.013877867520426596 8.2342916983204296e-07
    0.013805114749354952 -5.7947641050666281e-07
    0.013806706359297299 2.4956788356361347e-07
    0.013806917885206361 -1.180960580563301e-07
    0.012075379922906649 -7.7605637982031211e-06
    0.011907025265310428 0.00014340570856018181
    0.011914426701652435 -1.2989380032541579e-05
    0.011953739718618385 -3.0476061280539322e-05
    0.011929885797382293 2.589472511173792e-05
    0.011911381466229765 2.6231308128653343e-05
    0.011916732454204465 1.0571571211664252e-07
    0.011914020925132421 2.1065651813093232e-07
    0.011910690233595481 -8.7719804141842785e-08
    0.0041093375298978732 -1.3192014999367884e-06
    0.00455400406129322 6.0322069051449206e-05
    0.0047982791104533764 -9.7383412705500484e-06
    0.0046448922813275778 -1.0039959097792122e-05
    0.0046621946832336152 1.0794627101122846e-05
    0.0047841718370300167 8.7426724425628737e-06
    0.0048123885756596587 -7.9342137199383685e-08
    0.004813765154925158 7.2594470453837824e-08
    0.0048141389278491689 1.2465406672459907e-07

  level 6
    0.0026024908705174136 3.6393643248621586e-05
    0.002780957611776492 -4.3729641769677719e-05
    0.0031092504777679364 -8.9834805134111129e-06
    0.0030203305157246304 1.3503730760251958e-05
    0.0029725604971881773 -2.7277395887954412e-06
    0.0030561352948085211 -9.3403367927493953e-06
    0.0031049796399391042 -2.5123964890701582e-06
    0.0031137505074908109 -2.793033200491207e-07
    0.0031124043736514891 1.2732121124086053e-06
    0.0097831017496989286 9.4427329178958447e-05
    0.0096986936075679226 -0.00010709770549157043
    0.0096411355176185248 -3.3448149336039746e-05
    0.0096840770068702658 3.5268883761550569e-05
    0.0096729784286358894 -7.8787701932099139e-06
    0.0096479373917616566 -2.4124118066886713e-05
    0.0096470271441870363 -5.2122134267705595e-06
    0.0096488506684160279 5.2464522195545504e-08
    0.0096459895896117108 2.5028395950723668e-07
    0.012406741700640857 -2.3736394982117082e-06
    0.01227814619020174 -5.0477744640073727e-07
    0.011758190749115993 1.5447265279273406e-06
    0.011828435118066166 -5.5481238912264509e-07
    0.011927222280641345 1.3950056026668299e-07
    0.011808199286171939 1.2906443536548268e-06
    0.011710808966171909 -8.9788051506529995e-07
    0.011706547282719956 1.5766902229751684e-07
    0.011706783610281327 -5.238030245222563e-08
    0.0097953934777665584 -9.7676288664772049e-05
    0.0097124937822067603 0.00010625252685542254
    0.0096629443009252532 3.555345252758639e-05
    0.0097136318106055639 -3.6388596076143812e-05
    0.0097045908710660708 8.7650466025780401e-06
    0.0096844423845537913 2.682597402843665e-05
    0.0096836884406271452 3.3995735002973116e-06
    0.0096823464489597007 7.2763915280107627e-08
    0.0096791334935328183 -6.5511024086823304e-08
    0.0026189933254070711 -4.4591596509972589e-05
    0.002775929541843481 4.6498733868738234e-05
    0.0031031179674365847 1.0859916055508796e-05
    0.003023262061161137 -1.3558295536901022e-05
    0.0029836574992050547 3.962977163536522e-06
    0.0030727721218696347 9.915435280953328e-06
    0.0031205609986790289 9.0919374988360391e-07
    0.0031236555316844711 1.2710826215172376e-08
    0.0031240248102956604 1.5005361447324372e-07

  level 7
    0.0027623661298171415 6.4176722035331538e-05
    0.0027039374262233804 -2.4847745268383351e-05
    0.0030049542361399026 -2.0928711565020621e-05
    0.0030066202483022436 1.1781054120870672e-05
    0.0029394955072757274 9.338701064967007e-07
    0.0029841826925507066 -7.8890254736127281e-06
    0.0030410271996341403 -4.2544716593463478e-06
    0.0030462083583606713 7.6523419744304951e-08
    0.0030480759363927835 1.3854919510358996e-06
    0.0089791646256832201 0.00015487235984288245
    0.0089664554331414376 -6.5047868405843738e-05
    0.0088982730826051605 -5.5379100385527784e-05
    0.008921789496966856 2.792791002873163e-05
    0.0089237335111887629 2.4183034723630033e-06
    0.0089052918527347258 -1.9066529104785962e-05
    0.0088983306167656345 -9.0423420661313737e-06
    0.0089003448978301203 2.9966069095778154e-07
    0.008898082164730042 3.2936191374393663e-07
    0.011418184310534277 -2.0399810130360773e-06
    0.011590024114916638 -5.9227070131129048e-07
    0.011149118348713936 1.3365188471335029e-06
    0.011083845971186024 -1.6682232183226782e-07
    0.011204155752664023 -3.6066008734153623e-07
    0.011142696819677059 1.4754722564203444e-06
    0.011044708624749593 -1.001574925536408e-06
    0.01103062489168637 1.6841658111578563e-07
    0.01103123953799472 6.4385650633011107e-09
    0.0089907289297898769 -0.0001575918884907745
    0.0089759112633254375 6.3797090450488014e-05
    0.0089134845079121925 5.7491612096428524e-05
    0.0089455254359280569 -2.817404314287522e-05
    0.0089500407560559377 -2.7306889756212431e-06
    0.0089355569633082204 2.1947008210485485e-05
    0.0089286358668338311 7.0024360809150807e-06
    0.0089279193862174949 -1.2646225124966008e-08
    0.0089250968627189644 -3.8145022563679094e-08
    0.0027889381935351371 -6.906164649004079e-05
    0.0027126798357535844 2.7449412474124247e-05
    0.0030127642640448869 2.1991561713849913e-05
    0.0030219145233954764 -1.1347062271421762e-05
    0.0029554563230342586 -6.6641869883275954e-07
    0.0030067823925284225 8.3397316770488327e-06
    0.0030627757058377149 2.3510040799256576e-06
    0.0030694510441287948 -5.2865809975140295e-08
    0.003069566294014477 6.4975431368226186e-08

  level 8
    0.0046048365349241512 8.4951221165803126e-05
    0.004334894571996757 -9.2588254653498845e-06
    0.0045581522864420413 -2.4842769713565041e-05
    0.0046424728786512159 5.999976309023127e-06
    0.0045818110524506643 2.4074371079050137e-06
    0.0045943900643174336 -5.2665224281815792e-06
    0.004647312047731127 -5.4245195010766698e-06
    0.0046547141974141257 8.3918446211186755e-07
    0.0046580822282120734 8.2353333236206765e-07
    0.010010713224701527 0.00020204317102155006
    0.010050589806836705 -2.2415163047680464e-05
    0.0099951999308594882 -6.1181273452721386e-05
    0.0099926709982755477 1.2037855720000196e-05
    0.010003670418079572 9.5463443538090001e-06
    0.0099931314430002152 -1.2870890448218814e-05
    0.0099832175892035704 -1.1630989086902955e-05
    0.009983160918416896 4.0356630881120341e-07
    0.0099818036432043952 3.2952353987520466e-07
    0.012159069345554741 -1.14394650276804e-06
    0.012611009200583841 -8.3655664196557691e-07
    0.012297997279207995 1.0461315252864612e-06
    0.012131450434287913 2.1323835536772362e-07
    0.012236643216117872 -7.0541874732877338e-07
    0.012225271695753081 1.3245717202222353e-06
    0.012139448682548683 -8.3771797893996393e-07
    0.012112938650072813 3.0010719440307872e-07
    0.012113647061544318 9.2687129397855696e-08
    0.010022347909863895 -0.00020321202405107483
    0.010056630415904001 2.0498195512184702e-05
    0.010004726059312649 6.2975678297800075e-05
    0.010010767606352586 -1.1392321794401452e-05
    0.010024027674470672 -1.1022999549964068e-05
    0.010016338390680573 1.5066853055273927e-05
    0.010006776308332473 9.9745104022092817e-06
    0.010005088591663514 3.9962671515876641e-07
    0.010003022788667104 1.2933178986551554e-08
    0.0046237933624348453 -8.2670063310639059e-05
    0.0043452678546087179 8.4405356755621866e-06
    0.004566191342622563 2.4574102627175159e-05
    0.0046519621738148574 -4.999927574183439e-06
    0.0045828808931533465 -3.8751228721466345e-06
    0.0045987373091993982 5.6812412658565959e-06
    0.0046538277923154478 3.6603513357629674e-06
    0.0046659107077146036 5.3732326608820382e-08
    0.004665903550786164 -9.408531772114921e-08

  level 9
    0.00738632571696548 9.0726714129211642e-05
    0.0069164275520381784 7.0545498198387197e-06
    0.0070200321463124941 -2.1938754462433892e-05
    0.0071634500348692516 -3.6638567939867477e-06
    0.0071358370959305542 3.5750156543742017e-06
    0.0071224101194081431 -2.6175065497684946e-06
    0.0071621635960199478 -4.9604143241050074e-06
    0.0071785587308085949 -2.882270334184588e-07
    0.0071808416888010356 -1.8010568098796212e-06
    0.01237135010493326 0.00021065568756475816
    0.01245096216484521 2.68973297575134e-05
    0.012418896202788986 -5.2905808189899751e-05
    0.012395594478623323 -1.0408215089639199e-05
    0.012409498408860506 1.3962160189297058e-05
    0.012406590166086459 -5.7372919757801321e-06
    0.012395950000867927 -1.134309117844412e-05
    0.012392262410926821 -1.0565173888978771e-06
    0.012392258637800567 -2.2966660938849055e-07
    0.014108032561666633 7.6379143382950947e-07
    0.014841935312128744 -1.1616890661137419e-06
    0.01471422016251667 5.499657584720772e-07
    0.014482743237825016 5.6649427823923863e-07
    0.014532111110897906 -7.9782357550845194e-07
    0.014566520989804019 7.726203763178736e-07
    0.014504490285158314 5.4222390956327097e-08
    0.014463162417405331 2.7712822136190647e-07
    0.014461958379554642 6.1173825176915844e-08
    0.01238468654784833 -0.00020956798190755388
    0.012456880093769863 -2.9395353080608864e-05
    0.012425534643686915 5.3989820028670958e-05
    0.01241063586266584 1.1467098480395051e-05
    0.012426411137703474 -1.5862649722317341e-05
    0.012424427726408772 6.5804183874156869e-06
    0.01241559490547052 1.1828455970529964e-05
    0.012411605247076393 1.849170168412741e-06
    0.012410446187128088 1.7320962504078381e-08
    0.007380909316790492 -8.1994060861036942e-05
    0.0069142125135329899 -1.101473351912576e-05
    0.0070140170037760775 2.0187361148415676e-05
    0.0071521744388588025 3.9952703989238826e-06
    0.0071093553736724917 -5.6432646554139383e-06
    0.0070929503911876541 2.529002522057153e-06
    0.0071378688402679719 4.434172236547569e-06
    0.0071574550445091334 5.838534878963151e-07
    0.0071584389560633236 -2.3342117701188505e-07
