2720
0.011602683128828228
-5.2447987038393328e-06
0.011609200337925969
-2.7679794307917714e-06
0.011598720335625801
-2.8140054279968273e-06
0.011598492263259111
-3.4542766477522841e-06
0.011604965045128611
1.9932850077207216e-07
0.011609929651823142
-3.0465938317353241e-06
0.011617733418017473
-4.8558616428056352e-07
0.011613118442254763
-1.2921383487032331e-06
0.011613216727465887
-1.520267250144989e-06
0.011614965543265276
-9.4036527490119473e-07
0.011616598749550205
-5.9009626319124285e-07
0.011617214939031381
-1.4789894323732002e-07
0.011618316379049795
1.227744575867184e-06
0.011625967026698658
-4.6249205772477512e-06
0.011648487232511913
-1.4079090557088831e-05
0.011701089335570245
-2.8908239149047904e-05
0.011797224780567361
-4.3567958614302058e-05
0.011918375611457335
-5.6497423919086024e-05
0.012065057966841968
-5.150408227858412e-05
0.012184401876361592
-4.0863421113418691e-05
0.01226520354806469
-2.6375342414365394e-05
0.012313037904697722
-1.407344281286778e-05
0.012329741442628762
-2.9615357809930201e-06
0.012341079271773015
1.6951310455952943e-06
0.012337580279331132
-1.2924429064251401e-06
0.012330604301479036
-4.8243836138033659e-07
0.012337143303973924
-2.4020472160131318e-06
0.012345740373794822
1.270552193346931e-06
0.012350998163007384
1.2483590758936929e-06
0.012336453869204428
-1.5344232718570448e-06
0.012334866936860509
-1.7985491028804319e-06
0.012367468557659052
4.3612737269135715e-06
0.012375977936464232
2.6288529160730899e-06
0.012398420404208658
3.8729570606628496e-07
0.022842041309062602
-2.1270577238372683e-06
0.022841356910746461
-1.6559288557277678e-06
0.022830695788200447
-2.044158631978297e-06
0.022830782299811715
-1.9653865814583365e-06
0.02283113948312647
-1.5153876804934345e-06
0.022832027442327055
-1.4276601172381822e-06
0.022832004988649068
-1.3784334418058073e-06
0.02283492773725649
-1.2938555127478875e-06
0.0228341928718119
-1.4628516378841171e-06
0.022834163473767564
-1.3695962269933747e-06
0.02283624587490601
-1.2104337630642198e-06
0.022836725947369199
-1.0203099839081702e-06
0.022838114994666731
-2.0678926023068336e-06
0.022835806068784693
-7.164728698271723e-06
0.022818939847533283
-1.8893339848655267e-05
0.022776385587378465
-3.8038107334650002e-05
0.022699146398956878
-6.1189809566276673e-05
0.022588321981117931
-8.0991617702784807e-05
0.022462155455763105
-8.9180372797710084e-05
0.022344900854379991
-8.303510611947598e-05
0.022256129136525631
-6.4808232047511313e-05
0.022205282656808614
-3.8807521642695032e-05
0.02218853261429142
-1.4080203031555187e-05
0.022189578918805984
-1.2570544989067364e-06
0.022192734985019055
1.2264613093283785e-06
0.022194214772221627
6.140366625358814e-07
0.022194255198696541
-6.0538731146214735e-08
0.022192688920300633
-4.6117965940956872e-08
0.022191783858422104
3.7258235714109795e-08
0.02219084914163031
-2.3121368408974342e-07
0.022189511046460889
-1.7372950871123829e-07
0.022188964937282975
5.642025083513764e-07
0.022188764097904858
7.1240209951139703e-07
0.022186210526456231
3.658291422883045e-07
0.02282630764736188
1.1697577870264999e-06
0.022823435362344442
6.2760823152128402e-07
0.022817130380090957
7.0377576616106044e-08
0.022814453442764747
-2.0648300172457521e-07
0.022813529680806126
-2.4016914980474477e-07
0.022810031870772855
-1.6664744261144599e-07
0.022808868715790933
-3.1905248651767441e-07
0.022806372755284299
-3.32654627748691e-07
0.022804661396782364
-4.3920356060962344e-07
0.022803076406711687
-5.3533275577854589e-07
0.022802346573696668
-6.9830623274550557e-07
0.022802249200101384
-5.8645021740777771e-07
0.022800658351265862
5.1912151069607318e-07
0.022795082293918936
5.401320342884447e-06
0.022777008697624588
1.7991236909042488e-05
0.022733358255251336
3.9705636790734387e-05
0.022655292134707839
6.5819707864284266e-05
0.022545345963638472
8.6730313336205728e-05
0.022420872261776716
9.4265396635750468e-05
0.022306178866327946
8.5846648766201302e-05
0.022220113063989848
6.4350288324977126e-05
0.022171244723632813
3.6444243987372561e-05
0.022153215179613391
1.2262027887389696e-05
0.02215059188688033
1.4829014471156821e-06
0.022151100271672546
2.5323426687041891e-07
0.022151249683241059
3.2944437069758165e-07
0.02215129191557149
-5.8702805306497403e-08
0.022151094585989257
-3.1723591583258315e-07
0.02215071800873682
-3.0279802483757886e-07
0.022150321844593542
-2.864138400054481e-07
0.022149848688021955
-1.912524363891732e-07
0.022149486595288148
-1.1338230937089731e-08
0.022149746281940542
-1.3386282968786757e-07
0.022150710480086343
-6.4317458834046392e-07
0.011599123931795647
3.0791050230612172e-06
0.011599589848946195
2.1637945052920919e-06
0.011600801436755726
7.5487410962362595e-07
0.011603361622938124
4.80992696359933e-07
0.011607425172099417
-4.1517744965610452e-08
0.011604588150753371
4.1317665600020958e-07
0.011605850108544284
-2.0182391354002199e-07
0.011606256792468739
2.8273267321743367e-07
0.011606336466848534
1.9528790336326825e-07
0.011604732747724713
3.5754780815532087e-07
0.01160577215359967
-5.9035267610875412e-07
0.011605688331080596
4.0619264911725856e-08
0.01160756468888401
-2.3556202602190942e-07
0.01161288134430411
3.6147725505370784e-06
0.011636150514363614
1.3510256672585858e-05
0.011690195617244593
2.9659867970514068e-05
0.011783134332719011
4.7079874931906196e-05
0.011912777919929283
5.6164433944256518e-05
0.01205661335091684
5.4181362215890367e-05
0.012183053576668552
4.2494772196223478e-05
0.012276956469223489
2.5451280936758432e-05
0.012327105446565699
1.041438611616574e-05
0.012343643888424689
2.2706304240116833e-06
0.012347192570636899
9.0924654226787067e-08
0.012348072556123621
9.3363900110142258e-08
0.012348788571742495
1.3203843988025722e-07
0.01234787759064733
-1.7165767467491418e-10
0.012347623365535682
-1.9285946302918595e-07
0.012349969858415863
-1.5357048199836465e-08
0.012349751677457005
-3.079060912270006e-08
0.012351674306800927
-7.0404081280777898e-08
0.012354919277663735
1.8105896795646203e-07
0.01235086187586742
-1.2911561576612718e-07
0.012349794403983861
-8.0362623482951684e-07
0.01160268124031686
-5.2427433364810811e-06
0.011609190418848328
-2.7630951514017915e-06
0.011598694435365427
-2.8056539819351633e-06
0.011598439804453966
-3.4414091766525347e-06
0.011604872015648802
2.1774960462675731e-07
0.011609778288472875
-3.0209431628106015e-06
0.011617501011228297
-4.518466049733339e-07
0.011612781290497625
-1.2493922094583539e-06
0.01161274878569447
-1.4699180725256043e-06
0.011614357779972988
-8.9765766519142093e-07
0.011615901438931191
-6.3910697431149758e-07
0.011616494753132934
-3.9566847609741871e-07
0.011616797103241396
1.5024389081049818e-06
0.01161840345425786
-7.0303276418074279e-07
0.011619815372514069
-1.1342117198483727e-06
0.011625873452656768
-3.5959968101693986e-06
0.011650047573760354
-1.0148534032621937e-05
0.011690378655934957
-2.5097511042235775e-05
0.011769928067915447
-3.3148590853227966e-05
0.011860625693063002
-4.0131981068116691e-05
0.011955546965525657
-4.0419081906122049e-05
0.012047842702012781
-3.521973347974383e-05
0.012118723596703289
-2.1981962727982172e-05
0.012170552047377233
-9.2761604001853644e-06
0.012186528617522596
-4.983625006589614e-06
0.012184917980404778
-9.5796527363743157e-07
0.012190895573869792
-2.0256453152937755e-06
0.012198335653384521
1.4613852679288114e-06
0.012202842181790801
1.2654718413330383e-06
0.012189137514582218
-1.5138603954657151e-06
0.012187721854943918
-1.713382476212681e-06
0.012218435076382234
4.2664450054968408e-06
0.012226143341706221
2.5443084842036676e-06
0.012246988370457911
4.0988716687331978e-07
0.022842040524725916
-2.121319876713951e-06
0.022841352814158573
-1.6416721544981448e-06
0.022830684740089736
-2.0185597568955113e-06
0.022830759369282441
-1.9243881692749282e-06
0.022831097655126153
-1.4539076857508096e-06
0.022831957184742995
-1.3397150500764392e-06
0.022831893543268075
-1.2577150814691493e-06
0.022834758050458724
-1.1350381796029454e-06
0.022833941194044107
-1.2651070577112168e-06
0.022833788799868224
-1.1455441634512139e-06
0.022835660449899063
-9.8054565941899131e-07
0.022835827579080373
-6.2471328352696602e-07
0.022837529358322457
-3.9587435336727965e-07
0.022839687414812855
-8.5940560550236188e-07
0.022839641536124257
-2.2390477343118231e-06
0.022836142698896143
-6.1873976015620584e-06
0.022822446727487074
-1.5348794129309555e-05
0.022786760337267654
-3.0564612906118735e-05
0.022725023176252881
-4.7759339331199568e-05
0.022640819310461247
-6.1884696161302412e-05
0.022545975145100858
-6.8525410309453675e-05
0.022456424398112913
-6.4760024713819421e-05
0.022386890065418653
-5.0932464032124499e-05
0.022345299588411222
-3.1770421294803394e-05
0.022328730952350127
-1.4015428701929283e-05
0.022326718400631523
-3.4344070241014247e-06
0.022327902423765204
6.0348561083842764e-08
0.022326791621317062
7.1131924883327863e-07
0.022325627597706253
4.7187523775777462e-07
0.022324368240540481
-1.1003929092230513e-07
0.022322818819074428
-1.5453858328987659e-07
0.022322178835411623
6.0560126257211855e-07
0.022322008031912432
7.8336408223258152e-07
0.022319523091377334
4.0653455276949197e-07
0.022826308458448588
1.1754772994104213e-06
0.022823439513298436
6.4185103807866628e-07
0.022817141394421682
9.5979643934771682e-08
0.022814476276261181
-1.6550342240486191e-07
0.02281357119472651
-1.7868882789291376e-07
0.022810101853934686
-7.859469387994761e-08
0.022808979575070651
-1.974977623864484e-07
0.022806538504418293
-1.6986053502990799e-07
0.022804896261147893
-2.2588941927665939e-07
0.022803384637450047
-2.5586097951580862e-07
0.022802696005959452
-3.37017392310737e-07
0.022802610024213677
-2.9434517270823733e-07
0.022801672563964828
-3.4971034247268589e-07
0.022800612764832306
-2.3749331704671993e-07
0.022798769949469694
1.0746820428810235e-06
0.022792949376806725
5.8714351523026235e-06
0.022776514848855955
1.6523292313312015e-05
0.022739775781265844
3.3103982111001517e-05
0.022677810314674796
5.197700224775774e-05
0.022594812634873229
6.6711326413952839e-05
0.022501980948303
7.1460733920453298e-05
0.022415766793139627
6.4801237540162513e-05
0.022347306846074663
4.9789331272543536e-05
0.022304499975485149
3.0999829101332652e-05
0.022286132772025756
1.3482817325922869e-05
0.022281783537895651
2.9230980333898003e-06
0.022281494780505728
1.6987680964538312e-07
0.022281477749638394
1.934856384285433e-07
0.022281466507995167
5.983482096005057e-08
0.022281385942536786
-2.1264906489772319e-07
0.022281072423544539
-2.0216599890785841e-07
0.022280766053545814
-3.7434584561399108e-09
0.022281080935665748
-1.6074461854543143e-07
0.022282097339261078
-7.8017387542327248e-07
0.01159912581220335
3.0812054889382955e-06
0.011599599753744305
2.1686651346375918e-06
0.011600827367164694
7.6312959756127288e-07
0.011603414122320679
4.9360423321115052e-07
0.011607518249383907
-2.3241550529249849e-08
0.011604739828155288
4.3875141337410616e-07
0.011606083767919655
-1.6727554511722093e-07
0.01160660098898165
3.2828596918112807e-07
0.011606827269365502
2.5462031028574201e-07
0.011605424150083209
4.4312926617894122e-07
0.011606772268563872
-4.120583643443048e-07
0.011607126385284083
4.1218300920426637e-07
0.011608683812633464
-2.8865314398981957e-07
0.01160858992724338
-9.9660344706584486e-09
0.011611362398168568
4.9314583234069191e-07
0.011618163156748216
3.7421444506889565e-06
0.011636560064834926
1.2298891062275581e-05
0.011681479213709102
2.3662908861371835e-05
0.011757736173396567
3.5261283389319274e-05
0.011855645919101349
4.211163373653908e-05
0.011964204178805633
4.0748366760969749e-05
0.0120614411384829
3.246584982318873e-05
0.012133586559866173
2.0997848960572085e-05
0.012177296414161598
1.0359626789075171e-05
0.012195963355874102
3.4421420241499219e-06
0.012200744771200218
6.5310846011694468e-07
0.012200243513763821
9.6487180161675654e-08
0.012200277123493095
-8.8675510865310081e-08
0.012202692306232386
-1.3998431441814178e-09
0.012202461874131034
-6.3209898802055864e-08
0.012204204352419187
-8.2799256311657277e-08
0.012207239555658807
1.689299490184138e-07
0.012203390240271688
-1.6669438626262137e-07
0.012202200360898745
-8.9162747581779135e-07
0.011602680054525343
-5.2414430922526618e-06
0.01160918415586323
-2.759998815254626e-06
0.011598678049176161
-2.8003532130173234e-06
0.011598406610764885
-3.433246746811264e-06
0.011604813145019703
2.2945980551590426e-07
0.01160968236606285
-3.0045303291947265e-06
0.011617353135540298
-4.299643626641388e-07
0.011612564968956572
-1.2208761322455056e-06
0.011612443185028545
-1.4342268973853909e-06
0.011613942237208363
-8.5557660760288212e-07
0.011615362129894851
-5.9568586748072333e-07
0.011615847594064317
-3.8049562240445315e-07
0.011616131361530804
1.4043087713372055e-06
0.01161774327590611
-8.9099704048933123e-07
0.011618026519573292
-5.5333195688600053e-07
0.011617722306874951
3.8927765747120297e-07
0.011623303327518774
8.1140617401428492e-07
0.011626723684749129
-5.7568851932830402e-06
0.011651313791573739
-8.669727493894498e-06
0.01168305791872936
-1.7606347825187188e-05
0.011731349587583758
-2.6515217686547498e-05
0.011801302263796104
-3.2940447470624647e-05
0.011878785405088944
-3.0719090083983135e-05
0.011959224508532394
-2.4078810904727805e-05
0.012013641881477456
-1.9118053762820631e-05
0.012044550107640462
-1.0248081776444044e-05
0.012068208579376752
-5.9074376164141225e-06
0.012081300621205056
5.0114835414301434e-07
0.012086196380372359
1.3200633656980981e-06
0.012072661660579093
-1.2773909361140623e-06
0.012070952602401212
-1.5779056488082515e-06
0.012100171786858476
4.0975146215182441e-06
0.012107498768251599
2.3847688564344497e-06
0.012127222225102808
4.548103553942752e-07
0.02284204003859595
-2.117705845392075e-06
0.022841350244999899
-1.6326602788175725e-06
0.02283067779147098
-2.0023439295860658e-06
0.022830744907633798
-1.8984552128452244e-06
0.022831071275135884
-1.4149960300992829e-06
0.022831912906626221
-1.2838321507984743e-06
0.022831823419266616
-1.1803569774366839e-06
0.022834651785836907
-1.0316546445868655e-06
0.022833785814553087
-1.1320201765310958e-06
0.022833567085114533
-9.8197971311785751e-07
0.022835348977664295
-7.9351417405619181e-07
0.022835381179480637
-4.377118867990214e-07
0.022836854974588268
-2.2114305974134776e-07
0.022838764205770468
-4.6712149051174424e-07
0.022839383240859618
-5.0957367663412462e-07
0.022840732106341962
-3.465209127694851e-07
0.022842289854677299
-1.3195613163701234e-06
0.022838483116010846
-5.3814320085514463e-06
0.022825416556736491
-1.2999487159884544e-05
0.022796847088917788
-2.4333003903514399e-05
0.022748883679052541
-3.7598737204966704e-05
0.022683887708271386
-4.8445931218527e-05
0.022611385699982132
-5.2633591579904952e-05
0.022543932962149568
-4.9215258990954173e-05
0.022490795396946275
-3.9749508555926539e-05
0.022456492819177699
-2.6746441564800469e-05
0.022439355472381309
-1.3712054343818454e-05
0.02243264247732888
-4.1724375928606448e-06
0.022431467843463219
-5.0508133994114836e-08
0.022430696041628104
4.6638942219427225e-07
0.022429032309586421
2.6130876360594812e-07
0.022428111802253972
6.7587388690936112e-07
0.022427735593163141
7.4453730646698074e-07
0.022425120840454289
4.463239652001591e-07
0.022826308961553389
1.1790796305587513e-06
0.022823442117104468
6.5085354106159233e-07
0.022817148324125167
1.1219452344935158e-07
0.022814490686641344
-1.3959293719677712e-07
0.022813597419014366
-1.3982061427208368e-07
0.022810146132554675
-2.2817551270128685e-08
0.022809050016445061
-1.2027176675057477e-07
0.022806644894322943
-6.6344979568841803e-08
0.022805050550770235
-9.1456784767139721e-08
0.022803599591277774
-8.614590968199588e-08
0.022802980765701423
-1.259903418926511e-07
0.022802954902258307
-2.9201848857325933e-08
0.022802026795156173
-3.3833025266762552e-08
0.022800983171380379
-1.1536874514470735e-07
0.02280000368028616
-1.9556288976717024e-07
0.022799012124696347
1.4675385565005739e-07
0.022797376733526012
1.7167650627894611e-06
0.022791485987021558
5.8995099910453098e-06
0.022776612695735388
1.4329682140756385e-05
0.022747423075996361
2.6928869447409892e-05
0.022699057493657256
4.0726182973110224e-05
0.02263596647013753
5.1130048853491267e-05
0.022565049694016116
5.4502966667072155e-05
0.022497812946215452
4.9940268899947922e-05
0.022444342340859156
3.9131649280942814e-05
0.022408940411919785
2.5544017312182969e-05
0.022391238416941923
1.2811674808510023e-05
0.022385842041550606
4.05597760809512e-06
0.022384907122756308
6.2448381333893637e-07
0.022384883709303388
1.4636704506274884e-07
0.022384880649630887
1.1307847516660543e-07
0.022384844770375459
5.7649488041567949e-08
0.022385292615940765
-1.9238044350635254e-07
0.022386327279278018
-7.7140388670411948e-07
0.01159912699265684
3.0825343286565062e-06
0.011599606007597851
2.1717523858377809e-06
0.011600843770638523
7.6836809339376614e-07
0.011603447333781422
5.0159878730796174e-07
0.011607577103565751
-1.1647595312670393e-08
0.011604835742309444
4.5501576970310565e-07
0.01160623158500136
-1.4527549775685164e-07
0.011606818569287951
3.5710310088133144e-07
0.011607135631987384
2.9109421481731314e-07
0.011605847868888719
4.8827123323797252e-07
0.011607342949953924
-3.5536110246813859e-07
0.011607897548933063
5.0127795372192717e-07
0.011609762510061091
-9.68398610194094e-08
0.011609983087267675
2.6085164247032906e-07
0.011611938630801675
-1.8723816023391388e-08
0.011612795223915867
-1.768044033727849e-07
0.011612547116278035
1.251234219487853e-06
0.011619187154214712
3.7926813424529576e-06
0.01163880124380038
9.8500848553567946e-06
0.011674815000240002
1.8712776692446103e-05
0.011734354336015763
2.7011886627630888e-05
0.011810007539634798
3.1674986542331553e-05
0.011891274983214935
3.0839842207729664e-05
0.011966212371695199
2.536009543942212e-05
0.012023668394049728
1.747495780304776e-05
0.01206000601646556
9.6841835979177281e-06
0.012076643416719143
3.923673957334105e-06
0.012082302919613003
8.5554197870718836e-07
0.012085558451525357
1.5193251554149861e-07
0.012085564545233641
9.6717304378302142e-09
0.012087384812936922
-6.2491252243728491e-08
0.012090267466911251
1.3495890139815691e-07
0.012086537915271305
-1.8569929708068255e-07
0.012085346117384658
-8.8457206026009676e-07
0.011602679293482781
-5.2406078596649853e-06
0.011609180142926782
-2.7580145002889409e-06
0.011598667568271014
-2.796961279776594e-06
0.011598385390165757
-3.4280131456428707e-06
0.011604775481310069
2.3699052037263977e-07
0.01160962091450146
-2.9939361477367494e-06
0.01161725819367045
-4.1575145510798573e-07
0.011612425541513455
-1.2021425210969561e-06
0.011612244864356712
-1.4102762335013765e-06
0.011613669199693885
-8.2617263124704908e-07
0.011614998278479364
-5.6126578942552576e-07
0.011615380083062829
-3.4326709436310764e-07
0.011615561918389621
1.4342476425391691e-06
0.0116171140983139
-9.0584560448625495e-07
0.011617443200817786
-6.747461913498852e-07
0.011617089232561086
2.9753248417672432e-07
0.011621287408821925
1.6565979641497944e-06
0.011618673111863272
-1.9970916718917324e-06
0.011627302497689139
3.2180662554923547e-07
0.011630071128138932
-2.8945811324434882e-06
0.011638014065545743
-8.6113081268907907e-06
0.011664169829021619
-1.6121551211244214e-05
0.011706403626158182
-1.9980917500515818e-05
0.011768627298772304
-2.20555182905552e-05
0.011826208186693858
-2.466538142817298e-05
0.011877209611149899
-2.0408848570680247e-05
0.011927805727743938
-1.6331404047021748e-05
0.01196516752802352
-7.2630216132961017e-06
0.011985401883521454
-2.6770469853284409e-06
0.011978915263522282
-2.4983862913727551e-06
0.011978665475705128
-1.6125915844901299e-06
0.012006504487021745
4.1083574997270935e-06
0.012013197341198115
2.3155402122349287e-06
0.012032012968075982
4.3655031498596176e-07
0.02284203972734784
-2.1153886048533678e-06
0.02284134860225245
-1.6268941327434418e-06
0.022830673351702892
-1.9919926549979755e-06
0.022830735682494045
-1.8818805082600509e-06
0.022831054447351673
-1.3900708816567347e-06
0.022831884632340572
-1.2479296111933487e-06
0.022831778582346814
-1.130444991665611e-06
0.022834583771317394
-9.6440810262866488e-07
0.022833686353402119
-1.0442366993036483e-06
0.022833425644423203
-8.7127627156819047e-07
0.022835153625290854
-6.5936473318245202e-07
0.022835117161005905
-2.8416714039023346e-07
0.022836499527827906
-6.2584455909760524e-08
0.022838269633352996
-3.3197563178591822e-07
0.022838670071846
-3.9127301057663747e-07
0.022839880081834272
2.9847666385469047e-08
0.022842385732932811
3.5006602692951055e-07
0.022843439971901768
-1.759675829117744e-07
0.022843752312351327
-1.4095919093409678e-06
0.022840837486033085
-4.6464272049903858e-06
0.022829947421531022
-1.1165042690828278e-05
0.022806292440264414
-2.0131646656296331e-05
0.022768460717900136
-2.9227569717926162e-05
0.022719540771261683
-3.654964646933527e-05
0.022665194894729838
-4.0257617354345892e-05
0.022613420685783467
-3.8612822534778884e-05
0.022570765181901729
-3.1804797388555198e-05
0.022539962391383731
-2.1666052606522476e-05
0.022523046164186447
-1.1682837749146951e-05
0.022515807495380815
-4.5735304397524417e-06
0.022513124258312284
-7.8203260390823265e-07
0.02251251702677471
9.6254633424955734e-07
0.022512103515356457
1.0703263138266874e-06
0.022509197317610693
5.3355573623295525e-07
0.022826309283662166
1.1813893319734172e-06
0.022823443782054413
6.5661360778654326e-07
0.022817152752022406
1.2254517136305352e-07
0.022814499880251651
-1.2303353624392132e-07
0.02281361415137162
-1.1492748978332448e-07
0.022810174423214293
1.3000046776215545e-08
0.022809095122178415
-7.0513868347181881e-08
0.022806713254746567
7.2240426443907495e-10
0.022805150350536291
-3.7897341208212469e-09
0.022803740557279177
2.4881509026127628e-08
0.022803173587582708
1.0181735361026909e-08
0.022803209049301852
1.3316803329962597e-07
0.022802344804386192
1.5801399010970545e-07
0.022801342267380797
1.1457457353043282e-07
0.022800343266051206
4.0147629093748906e-08
0.022799408242332203
7.4249825350600139e-08
0.022798847560361227
1.9624416025782541e-07
0.022797717397892193
4.7483349323589215e-07
0.022795685718503943
1.7699654774794135e-06
0.022791146817657301
5.3263131375045875e-06
0.022778085362190427
1.2053896008543465e-05
0.022754203598429282
2.1688075300741455e-05
0.022716654245951047
3.1939414856471841e-05
0.022667542072344303
3.9552798089394569e-05
0.022613461453959233
4.1888755858983249e-05
0.022561656592517396
3.8441894040447191e-05
0.022519322044178988
3.0648495340884021e-05
0.022491006013312369
2.0828151313075636e-05
0.022475350695864073
1.1517893629440865e-05
0.022468975205150267
4.6089752993375347e-06
0.022467302854716327
1.1510269995016166e-06
0.022467164771820522
3.4552815826441546e-07
0.022467841649783316
5.1061298862827351e-08
0.022469086132774395
-6.8947162134760135e-07
0.011599127750185222
3.083387817627602e-06
0.011599610014751214
2.1737308194542673e-06
0.011600854262673696
7.7171995367100713e-07
0.011603468566839682
5.0672382601340184e-07
0.011607614754418709
-4.1938157037755437e-09
0.01160489717158408
4.6550526342150526e-07
0.011606326409918924
-1.3101846358819784e-07
0.011606958479965341
3.758987006524479e-07
0.011607334474180161
3.1500404952958006e-07
0.011606121441886344
5.177545619645581e-07
0.011607708913176093
-3.2023559483172549e-07
0.011608374833803756
5.4239599964661095e-07
0.011610377462207449
-4.4993897268679601e-08
0.011610785639848731
3.5102335724718632e-07
0.01161300708081343
1.5750545958513219e-07
0.011614014318136179
-5.0736897730392927e-08
0.011612553307241204
4.6190765426539236e-07
0.011613175305123364
7.1690974613899213e-08
0.011616542961770825
7.7089392142301066e-07
0.011622075380115395
3.5318466480640107e-06
0.01163871517103136
8.3046861954920282e-06
0.011668601879646152
1.4797836416391316e-05
0.011714193488075196
2.0695365153977318e-05
0.011772843831179752
2.4013088961045275e-05
0.011835306100052876
2.3681181196129606e-05
0.011892531792173165
1.9972019944881732e-05
0.011936523489140729
1.4292219312998153e-05
0.011966352858723014
8.3145394596313714e-06
0.011984614014101357
3.8867719690271348e-06
0.011990856093399487
1.2427954478728502e-06
0.011994178570212788
2.0303818920817136e-07
0.011997235328753955
1.905190953012354e-07
0.011993771811811533
-1.677798138122016e-07
0.011992618076275934
-8.8893693128961264e-07
0.011602678799966695
-5.240065968907901e-06
0.011609177544255542
-2.756729197472664e-06
0.011598660788223429
-2.7947653660577226e-06
0.011598371671877949
-3.4246241500935467e-06
0.011604751134116718
2.4187552727954715e-07
0.011609581154964379
-2.9870352186392342e-06
0.011617196640473795
-4.0643911309989392e-07
0.011612334860716821
-1.1897726080258311e-06
0.011612115298970046
-1.3942798830977966e-06
0.011613489634167081
-8.061698276714781e-07
0.011614756519536373
-5.3711003332116661e-07
0.011615063860494084
-3.1536974615533745e-07
0.011615161593090508
1.4645083318808198e-06
0.011616625368982964
-8.7652675742162332e-07
0.011616882559651839
-6.6070463647297067e-07
0.011616517334277023
2.5735324729935837e-07
0.01162078974669393
1.5401729187167522e-06
0.011618062864647921
-1.9832587763117586e-06
0.011625189106370171
1.2746084922797347e-06
0.011622488325177991
4.5557113920879812e-07
0.011617467890782489
-1.5290460742936745e-06
0.011620842163349278
-5.0024535386675278e-06
0.011632391046246297
-6.5962934113220231e-06
0.011661675725739992
-9.7738061446464282e-06
0.011692722550761725
-1.6532539833775053e-05
0.011730251550594258
-1.8340338586581841e-05
0.011781335029580016
-1.9823798154362637e-05
0.011831776919261572
-1.443118308207292e-05
0.011871426861733349
-1.0523180159944706e-05
0.011883950877442684
-8.6477664743989582e-06
0.011896682548108085
-5.1208918487440842e-06
0.011929985833232556
2.6425832290745952e-06
0.011938272216806491
1.9600108979118622e-06
0.011956480312060279
4.9355963093930503e-07
0.022842039525854594
-2.1138870213945234e-06
0.02284134753978025
-1.6231640591628215e-06
0.022830670483078696
-1.985304043702562e-06
0.022830729726195771
-1.8711729062050573e-06
0.022831043583664272
-1.3739529047368189e-06
0.022831866375006785
-1.224651503689101e-06
0.022831749601926694
-1.0979307165192267e-06
0.022834539720109629
-9.20322115329379e-07
0.022833621748526604
-9.8617976132203212e-07
0.022833333480004915
-7.9707350947335325e-07
0.022835026033732865
-5.674417073614665e-07
0.022834945153384283
-1.7444438609695191e-07
0.02283627297156586
6.2253200119451292e-08
0.022837976200231487
-2.003912786652054e-07
0.022838288543083153
-2.7232852333590875e-07
0.022839365069175652
1.0915105534280486e-07
0.02284168468348604
4.1760000344346483e-07
0.022842727197833652
1.8071157037966922e-07
0.02284420633287175
1.5727316547833287e-07
0.022845934878793068
-1.6386518098493768e-07
0.022846386097098
-1.7717107976344463e-06
0.02284306473428506
-4.7687575093147624e-06
0.022833498419891157
-9.0331744507524647e-06
0.022815458875446126
-1.5100614194217706e-05
0.022786851483630674
-2.2431290921948122e-05
0.022749198057920465
-2.8622941503763154e-05
0.022706561800078622
-3.1492498008867566e-05
0.022663876633983459
-2.9828000871352235e-05
0.022628887198504907
-2.4635254677742041e-05
0.022603827985921549
-1.7635070419421586e-05
0.022588360909139432
-1.019841739698029e-05
0.022581351409856048
-3.7682364392979586e-06
0.022579123249866537
-3.4879491208276716e-07
0.022576149707871633
5.5681811271443159e-07
0.022826309492180522
1.1828860104907565e-06
0.022823444858890422
6.6033970326260105e-07
0.022817155613082285
1.2923330909360681e-07
0.022814505816485815
-1.123359278703521e-07
0.022813624953965911
-9.8830701845940084e-08
0.022810192692356384
3.6221309125936766e-08
0.022809124281944981
-3.8106223271198746e-08
0.02280675755258673
4.4667977061840674e-08
0.022805215266649703
5.4099605915531249e-08
0.022803832769977415
9.8939460858812606e-08
0.022803300921864535
1.020539515825906e-07
0.022803380012243826
2.4339259338932228e-07
0.022802568206751309
2.8562231393583701e-07
0.022801623971929502
2.5808578972080749e-07
0.022800676643878141
2.0104279467333381e-07
0.022799757161557847
2.5363405942005807e-07
0.022799161131992027
3.3421290453691648e-07
0.022798145415743272
2.3153512249552945e-07
0.022797297209939678
1.3898822133093814e-07
0.022797180564757352
3.9568770055671832e-07
0.022794799924828035
1.5373784031977136e-06
0.022790067159400823
4.6096385100698879e-06
0.022779495669221654
1.0189170303979093e-05
0.022760020908188582
1.7634620862877536e-05
0.022730870151226074
2.5071235358761466e-05
0.022693011098836823
3.0401497791132488e-05
0.022651128958109331
3.2086478050941637e-05
0.022611749040602192
2.969701843021155e-05
0.022579089096558768
2.4078065761160395e-05
0.022555648471267571
1.6914094505512456e-05
0.022541425017351936
1.0120067392292272e-05
0.022534975390994371
4.898383396399032e-06
0.022533678977750861
1.5102758767421331e-06
0.022534649269749012
-3.2581062700017986e-07
0.011599128241392555
3.083941501126218e-06
0.011599612609713979
2.175012273789363e-06
0.01160086105000397
7.7388983160247471e-07
0.011603482294227415
5.1004235213330169e-07
0.011607639094215454
6.4092530638193327e-10
0.011604936916371173
4.7233692847083775e-07
0.011606387881576453
-1.216787765756573e-07
0.011607049447763435
3.883027355576691e-07
0.011607464276291956
3.3093458982941539e-07
0.011606300931814688
5.3763086957933783e-07
0.011607950378280071
-2.9628456518520226e-07
0.011608690879623842
5.7036754968681232e-07
0.011610781174681053
-1.3604251656637442e-08
0.011611289813603782
3.8600863516846064e-07
0.011613631136295722
2.0354806733250881e-07
0.011614799547146035
3.3426012318611981e-08
0.011613544344825089
5.9916141222945129e-07
0.011614137790495891
6.6868389231810864e-08
0.011616026975294642
-1.5313271873243467e-07
0.011615853476367927
1.832302652219789e-07
0.011618734442669743
8.9663921690476267e-07
0.011624549414869541
3.1282976910938682e-06
0.011637763974441962
6.8781436561032984e-06
0.011662621264074576
1.1597526292727869e-05
0.011698669874709152
1.5940422120977261e-05
0.011743242103561684
1.8406390268881007e-05
0.011789771363645282
1.8197603224499684e-05
0.011833706668538257
1.5447439366624568e-05
0.011871306213998369
1.1468310003632478e-05
0.011895728723408343
7.1483274132389303e-06
0.01191151451689499
3.6443124867454226e-06
0.011920720152521559
1.6098951920398641e-06
0.01191946242661544
2.2757736756117734e-07
0.011918791376988975
-7.9514960095369023e-07
0.011602678476977409
-5.2397111677994724e-06
0.011609175845607826
-2.755888900300948e-06
0.011598656360505048
-2.7933305508029932e-06
0.011598362718143799
-3.422408614498183e-06
0.011604735242034581
2.4507436245012776e-07
0.011609555184155237
-2.9825026001550777e-06
0.011617156371512644
-4.0029368772109908e-07
0.011612275380783939
-1.1815528324132592e-06
0.011612029987895955
-1.3835491748976784e-06
0.011613370777429324
-7.9258034126542221e-07
0.011614595362203474
-5.2040342609697136e-07
0.01161485101040895
-2.9554691368486504e-07
0.011614888230233555
1.4869993043379318e-06
0.011616283302561151
-8.5195227170884633e-07
0.011616467944707345
-6.3605978967563072e-07
0.011616034981848634
2.7648751008466764e-07
0.01162026822625308
1.5366114152501623e-06
0.011617570655982346
-2.0395052144836645e-06
0.011624783307237395
1.1775037399798603e-06
0.011621916531913691
5.5252899463581283e-07
0.011615434369235225
-5.9958332769908109e-07
0.011613945314246001
-2.2122647963782067e-06
0.011614837898758328
-9.9240895678935858e-07
0.011626386038285292
-1.3402894230194548e-06
0.011634164155820196
-6.5507022356719406e-06
0.011647486323337675
-9.098876919589823e-06
0.01167791452967557
-1.3532878826828328e-05
0.011717024491176486
-1.2515103218191018e-05
0.01175643253601687
-1.2741799335578622e-05
0.011778606615008888
-1.3533270568861648e-05
0.011805315400761808
-1.0808271234142533e-05
0.011851821505773037
-2.2785676241597571e-06
0.011870335012432304
-1.1523474673386458e-06
0.011893805890359804
-8.7630365627197064e-07
0.022842039394178885
-2.1129049062802992e-06
0.02284134684600557
-1.6207280685724066e-06
0.022830668611431921
-1.9809401194128095e-06
0.022830725842282885
-1.8641876735143666e-06
0.02283103650129633
-1.3634284933391718e-06
0.022831854468561182
-1.2094190280686918e-06
0.022831730683385516
-1.076576676333269e-06
0.022834510912497004
-8.912117032264437e-07
0.022833579390853159
-9.4754984816879282e-07
0.022833272826849851
-7.4719059668750509e-07
0.022834941660754084
-5.0477030113392286e-07
0.022834830788900643
-9.8090322384287152e-08
0.022836121647602098
1.5209422581054571e-07
0.022837780637754563
-9.9134716395238712e-08
0.022838041212480356
-1.650801832798951e-07
0.022839056428635506
2.1072416936945685e-07
0.022841295633028145
4.9219379247872423e-07
0.022842218839934078
2.0768964600123944e-07
0.022843561900488248
1.8730881530915709e-07
0.022845408183934865
1.6634357001423044e-07
0.022847130992947155
-3.6940845197353876e-07
0.022848024638193926
-9.9875922572414697e-07
0.022847873003736627
-1.4910106069461863e-06
0.022845824853945776
-3.1363355017932433e-06
0.022838726212082518
-6.9533433609945452e-06
0.02282422613595805
-1.2261931926051047e-05
0.022800898423238018
-1.7799088455064156e-05
0.022769039384030434
-2.1937052709632361e-05
0.022734685763691361
-2.3945120260431281e-05
0.022701613000294777
-2.3282868652966142e-05
0.022673345287921566
-1.9551884165170745e-05
0.022653144046269742
-1.3550726295889899e-05
0.02264072338896142
-7.8458967258359305e-06
0.022631953073477803
-3.6226235919946077e-06
0.022826309628443932
1.1838649064088084e-06
0.022823445562046019
6.6277307145352544e-07
0.022817157479846667
1.3359689291628544e-07
0.02281450968746377
-1.0535725917973464e-07
0.022813631996706343
-8.832026711253844e-08
0.022810204606722884
5.141623664983496e-08
0.022809143318194631
-1.6823064622899931e-08
0.022806786523421968
7.3684189047926524e-08
0.022805257835741416
9.2612730355060499e-08
0.022803893480271835
1.4870013388303744e-07
0.02280338522997466
1.645748739003579e-07
0.022803494120904006
3.1961077113317177e-07
0.022802719225370971
3.7543743129232868e-07
0.022801819066375066
3.5994470455285141e-07
0.022800921025136651
3.1189941387404586e-07
0.022800050543965458
3.7035258955128525e-07
0.022799488985470004
4.5641332764923201e-07
0.022798466900301809
3.5264880431537459e-07
0.022797580256543572
1.8064067549869917e-07
0.02279762789235143
2.2559288033484774e-08
0.022796429826324214
-1.2674716806926365e-07
0.022795568900047056
1.8873442122568605e-07
0.022793838259783761
1.5494499397462855e-06
0.02278954866189431
4.3510311637289608e-06
0.022780975150155043
8.6262891854465125e-06
0.022765382288058432
1.4026110335183716e-05
0.022742281954561461
1.9462291115384499e-05
0.022713409892975316
2.3472407366247632e-05
0.022681770086382676
2.475778425951708e-05
0.022651168824818428
2.3006293175133865e-05
0.022624833886047351
1.904231014265922e-05
0.022605527046564725
1.3994270094366183e-05
0.022594185826513551
8.6882190634868486e-06
0.022589457344566338
3.9232078012847604e-06
0.011599128562853857
3.0843039935834276e-06
0.011599614305960357
2.1758500347421034e-06
0.011600865482521903
7.7530758959451306e-07
0.011603491254515787
5.1221170224893445e-07
0.011607654982105727
3.8066949753569604e-09
0.011604962878043803
4.7682369523877066e-07
0.011606428097042772
-1.1551508064676801e-07
0.011607109113288399
3.9654645960900346e-07
0.011607549738815096
3.416211343712314e-07
0.01160641971548901
5.5112502989429893e-07
0.011608111225996278
-2.7977263703644254e-07
0.011608903088423791
5.9002313271431381e-07
0.011611054630516581
8.9045341127391155e-09
0.011611633211415267
4.107175996658429e-07
0.011614051493202918
2.2939429120530874e-07
0.011615302252276503
6.1033550582164432e-08
0.011614142603540219
6.3781017067779026e-07
0.011614864674804048
1.3791234345288366e-07
0.011616887666063164
-6.30022491831317e-08
0.011616524139424388
7.5597722126673669e-08
0.011617776622440288
-9.1255706327325042e-08
0.011618385980973272
1.2947051614028832e-07
0.011620222736438125
9.2923253246466681e-07
0.011626268281453356
2.7573867465410203e-06
0.011637892388966085
5.6852150734319175e-06
0.01165736193202155
9.1694642298079913e-06
0.011684206131729827
1.2249593570440099e-05
0.011718191639391536
1.3939124805147042e-05
0.011756620320047043
1.3983711228305234e-05
0.011790616304490811
1.2113167396475246e-05
0.011820140264836581
9.1907484023647866e-06
0.011842826765572887
6.249016695011567e-06
0.011851866247971243
3.240890593464079e-06
0.011857016648454032
6.7710006962258698e-07
0.011602678263872252
-5.239476986085772e-06
0.011609174726069708
-2.7553349979828821e-06
0.011598653444691749
-2.7923852334563117e-06
0.011598356824689342
-3.4209483170506771e-06
0.011604724781078747
2.4718589092716634e-07
0.011609538077703095
-2.9795023633302817e-06
0.011617129810463998
-3.9620946761532343e-07
0.011612236060350684
-1.1760589804411592e-06
0.011611973409395387
-1.376320502628135e-06
0.011613291601758422
-7.8332902239501912e-07
0.01161448737851303
-5.0887119695267471e-07
0.011614707305752453
-2.8160804066284031e-07
0.011614701830723544
1.5032214318282671e-06
0.011616047000319749
-8.335538483622053e-07
0.011616176066981499
-6.1628953937631322e-07
0.011615683773622862
2.9632260225442992e-07
0.011619859435040188
1.5538488788887772e-06
0.011617118499907833
-2.0313689328446398e-06
0.011624324510569706
1.1593350665537728e-06
0.01162151867112245
4.8960164863370176e-07
0.011615128021020313
-6.707777857656985e-07
0.01161342763135486
-2.0811808807758675e-06
0.011612896172417009
-1.3355322077429585e-07
0.01162027842922711
1.0096997694926402e-06
0.011619483154226602
-2.1271683246882533e-06
0.011619273402167413
-2.635466996339485e-06
0.01163175260124592
-5.9728554346310335e-06
0.01165203112554989
-5.4955878392519584e-06
0.011675771262776689
-7.8813120345843008e-06
0.011689800001055401
-1.170807257605722e-05
0.011715783844311406
-1.2075504883488355e-05
0.011767481950401934
-5.8959593813777241e-06
0.011795959521445196
-5.4778753898918292e-06
0.011829693766750221
-4.6366974249165252e-06
0.022842039307412621
-2.1122572745504578e-06
0.022841346389168279
-1.6191238401489026e-06
0.022830667379853935
-1.9780686544538514e-06
0.022830723287870319
-1.8595918142939205e-06
0.022831031844009662
-1.3564982845361127e-06
0.022831846636685929
-1.1993694471490114e-06
0.022831718228291005
-1.0624441583520291e-06
0.02283449191734745
-8.7185723069294996e-07
0.022833551395188969
-9.2170252070503437e-07
0.022833232605821031
-7.1352854327713575e-07
0.022834885465028765
-4.6199780535791723e-07
0.022834754189628666
-4.5189737153115878e-08
0.022836019590420677
2.1562710726962284e-07
0.02283764770931946
-2.5351381006187929e-08
0.022837871959006276
-8.2851516226121425e-08
0.022838845750992126
2.9746696988625618e-07
0.02284103867782071
5.7608851441206737e-07
0.022841908603319899
2.752518501296264e-07
0.022843182441938992
2.181856678048497e-07
0.02284493168331149
1.4970436906017586e-07
0.022846575368036894
-3.6887373571765289e-07
0.022847684572934079
-7.0525870234238475e-07
0.022848810347236428
-2.7130028454719633e-07
0.022850464915624064
-1.2567107291209302e-08
0.022851066772469068
-9.233723175071239e-07
0.022849110315826197
-2.9243114683897387e-06
0.02284218515410073
-5.8903968508281405e-06
0.02282768075415139
-9.4166131452575288e-06
0.022807812692174707
-1.3421703386358899e-05
0.022783151727135898
-1.7045819072016964e-05
0.022755932940408632
-1.8682713471862646e-05
0.02273036365069003
-1.7505782120268817e-05
0.022708741439753828
-1.4697090668483109e-05
0.022690172470031859
-1.098027569850393e-05
0.022826309718231054
1.1845104089735724e-06
0.022823446025061082
6.6437555900054624e-07
0.022817158708241782
1.3646811676490926e-07
0.022814512233450455
-1.0076574188302046e-07
0.022813636628041398
-8.1399341349014784e-08
0.02281021244392208
6.1440877145100507e-08
0.022809155851028821
-2.7377663140527582e-09
0.022806805626693613
9.2975953171944763e-08
0.022805285972312309
1.1838237806418124e-07
0.022803933740393186
1.8228038026025433e-07
0.022803441386054047
2.07239723473673e-07
0.022803570568402914
3.7238517788763059e-07
0.022802821190863676
4.3880496909858612e-07
0.022801952213370769
4.3352551695294577e-07
0.022801090571167044
3.940673408462898e-07
0.02280026061821748
4.5790556401484854e-07
0.022799741488989562
5.4491534250056982e-07
0.022798756947599551
4.382205401801356e-07
0.022797887347479593
2.6141734453715147e-07
0.022797911446739583
8.5537244389458991e-08
0.022796677520704377
-1.7231788318786775e-07
0.022796005669889246
-2.855718148682814e-07
0.022795416495714982
-5.8490939607062638e-08
0.022794541653263382
5.5858234640439148e-07
0.022793199813846414
1.6810859111724569e-06
0.022789492615981538
3.7619191985657917e-06
0.022782114065372599
7.034836131374828e-06
0.022769759521715009
1.1222585690501119e-05
0.022752046304458415
1.5318338539275143e-05
0.022729875300068057
1.8167001578382869e-05
0.02270510236104048
1.9134332802957142e-05
0.0226810217766719
1.8071563280412731e-05
0.022660970649134606
1.5039183196697124e-05
0.022646585824241651
1.0702978929218429e-05
0.011599128774941101
3.0845432346613919e-06
0.011599615423929064
2.1764022536090714e-06
0.011600868401521844
7.7624164297536569e-07
0.011603497152633259
5.136414946961946e-07
0.01160766544066516
5.8963020867974238e-09
0.011604979978778105
4.7979336326542583e-07
0.011606454622853164
-1.1141856904702928e-07
0.011607148555691308
4.0205722302615275e-07
0.011607606418825757
3.4882115904748418e-07
0.011606498845483197
5.6031166991450308e-07
0.011608219006210852
-2.6837866461577881e-07
0.011609046342327109
6.0382641972153491e-07
0.011611240949271037
2.5084102347592465e-08
0.011611869803735535
4.2902408069148021e-07
0.011614344587270444
2.4911267574534934e-07
0.011615655288928328
8.1025619558298402e-08
0.011614556595913244
6.5708543585487735e-07
0.011615340644783463
1.5789108431814238e-07
0.011617434748536482
-3.2805706822760326e-08
0.01161716261907304
1.2963269912053027e-07
0.011618467612449517
-4.9897463664717151e-08
0.011618748413592488
-6.8915238977087863e-08
0.011618944670683
-4.702589508617206e-08
0.01162041066619192
2.3344791454246128e-07
0.011622778972639332
1.0139125887052605e-06
0.011627669868292501
2.4658266726324756e-06
0.011636105972963291
4.592448895954088e-06
0.011651309923191059
7.0497685749843408e-06
0.011674747662168047
9.4822110371290206e-06
0.011700924344639554
1.0769573334563195e-05
0.011730450599551964
1.0724497210288567e-05
0.01175943031400806
9.6669531702442056e-06
0.011778406936798819
7.3030036663420147e-06
0.011793723249636741
4.3217474809463492e-06
0.011602678122258424
-5.2393213155600856e-06
0.011609173982818348
-2.7549672205670208e-06
0.01159865151030441
-2.7917578431523395e-06
0.01159835291658212
-3.4199787848675188e-06
0.011604717843772941
2.48589601072527e-07
0.011609526726829775
-2.9775030548901077e-06
0.011617112164611887
-3.9347816930769724e-07
0.011612209886349983
-1.172366926385658e-06
0.011611935641944644
-1.3714303543499573e-06
0.01161323854937503
-7.7701581972941526e-07
0.0116144146633455
-5.0091152038293874e-07
0.011614609920582667
-2.7184426431564226e-07
0.0116145744831084
1.5148025719827047e-06
0.011615883928876244
-8.2008292198763881e-07
0.011615972053693592
-6.0129155571329199e-07
0.011615434127077091
3.1224567818170657e-07
0.011619561565439848
1.5696581662953048e-06
0.01161677408985335
-2.0169435724233634e-06
0.011623940115401847
1.1689830662574073e-06
0.011621115714481314
4.8721997610331929e-07
0.011614749394287551
-6.9880019774648628e-07
0.01161313168623351
-2.1439655465225476e-06
0.011612675606875861
-1.8331732524771194e-07
0.011619817421204893
1.1751539774363607e-06
0.01161772250824062
-1.3421328091604373e-06
0.011614065850703872
-6.8411099149121833e-07
0.011619636227694297
-2.4715009619519341e-06
0.011629162470334095
-5.2620916263471834e-07
0.011639104536638582
-2.1797432549978091e-06
0.011639347703791074
-6.3484932604436081e-06
0.011653571743685745
-8.246832100474936e-06
0.011697404205674864
-4.5031239463549868e-06
0.011724674920319002
-6.3768051455154153e-06
0.011762199829839757
-7.153168969970698e-06
0.022842039249819653
-2.1118271158683829e-06
0.022841346086117355
-1.6180595502578045e-06
0.022830666563367956
-1.9761650431697875e-06
0.022830721595133503
-1.8565452579624934e-06
0.022831028758147826
-1.3519008929858663e-06
0.022831841445939808
-1.1926914739207383e-06
0.022831709967011095
-1.0530272092535528e-06
0.022834479300936857
-8.5890938791830506e-07
0.022833532762537495
-9.0431724272561251e-07
0.022833205759018361
-6.907243091988e-07
0.022834847811433554
-4.3274896589853997e-07
0.022834702612083257
-8.5732972975995059e-09
0.022835950445512541
2.6030254361226367e-07
0.022837556961436301
2.7629886370680874e-08
0.022837755347506778
-2.2071357988053637e-08
0.022838699091109138
3.6445974313643233e-07
0.022840858227963331
6.4625104266741858e-07
0.022841691436384776
3.4341178439962124e-07
0.0228429266349005
2.7582446186539225e-07
0.022844632812838842
1.8320178664923161e-07
0.022846220967728224
-3.7647192292844204e-07
0.022847258949478241
-7.5531915623481005e-07
0.022848358148859493
-2.9154206572094574e-07
0.022850292197505149
2.4347451517162895e-07
0.02285211434167457
1.2325315425550328e-07
0.02285336185417107
-3.4511691891079108e-07
0.022852692021330601
-1.0740749418568859e-06
0.022847934566412188
-2.1250130740598969e-06
0.022840517200569326
-4.2415770784031244e-06
0.022828932636224226
-7.4256793080822958e-06
0.022812700220800782
-1.055731115231989e-05
0.022793719103319881
-1.2606181290781606e-05
0.022773246919193316
-1.3831471399948055e-05
0.022751015821023984
-1.3736512942074063e-05
0.02282630977782819
1.1849391496426285e-06
0.022823446332210777
6.6543868586407954e-07
0.022817159522635251
1.3837155843545331e-07
0.022814513920651019
-9.772207706959921e-08
0.022813639696769177
-7.6808153971403782e-08
0.022810217638261802
6.8102177656176602e-08
0.022809164164022691
6.6475367415325505e-09
0.022806818315218271
1.0588182230578343e-07
0.022805304699359201
1.3571584062523954e-07
0.022803960613420479
2.0503043779753949e-07
0.022803479012009447
2.3641613034085605e-07
0.02280362203993538
4.0891387073615674e-07
0.022802890272255565
4.833566190082865e-07
0.022802043138005382
4.8632205050558513e-07
0.022801207528604595
4.5462386954032447e-07
0.022800407501103265
5.2469526316862679e-07
0.022799921756782728
6.1507822252121329e-07
0.022798972552008204
5.0748808333468133e-07
0.022798136896619473
3.2478945977830293e-07
0.022798185902047522
1.3915559767399343e-07
0.022796953035518593
-1.3105228047301794e-07
0.022796244885001257
-2.7514032177980284e-07
0.022795626593153789
-1.7338843629888826e-07
0.022794970019806075
4.1416247791106102e-08
0.022794697867262285
2.1201490170587445e-07
0.022793910925430809
5.8629853905352973e-07
0.022792383742715767
1.517728120235749e-06
0.02278917751565681
3.308136911142838e-06
0.022783229347185612
5.9255918965839309e-06
0.02277359538151549
8.990689570817094e-06
0.022759675497522405
1.197984358835219e-05
0.022742338862153457
1.4182614372682869e-05
0.022723839845512434
1.4738428879695565e-05
0.022706205335341949
1.3425619709026067e-05
0.011599128915872794
3.0847022581665413e-06
0.011599616166146152
2.176768906499567e-06
0.011600870338038223
7.7686154250156968e-07
0.011603501064034986
5.1459073668494343e-07
0.011607672376590914
7.2853843376408774e-09
0.01160499132603141
4.8177217304283334e-07
0.011606472245316057
-1.0867897987567177e-07
0.011607174810437333
4.0576113151107303e-07
0.01160764425472581
3.5369254353314509e-07
0.011606551869670419
5.6658096128488066e-07
0.011608291590394393
-2.6051571699973279e-07
0.011609143429987357
6.1349070880232316e-07
0.011611368239221207
3.6631267772604958e-08
0.011612033056365535
4.4242723961955803e-07
0.011614549316498244
2.6405755997297048e-07
0.011615905516318739
9.6889267531804994e-08
0.011614854554228029
6.7298210049923278e-07
0.011615686051322521
1.7250971605439304e-07
0.011617824555397137
-2.0276579445968602e-08
0.011617593707281248
1.4232475390187431e-07
0.011618944708152484
-2.83061005890002e-08
0.011619276372809491
-3.3785719234527993e-08
0.011619454569301964
-4.8956537769555215e-08
0.011620512728262809
-4.5529267839155964e-09
0.011621316903978326
1.2607472379825997e-07
0.011622294320207541
3.8619083364628629e-07
0.011623311819509582
9.4467358411497448e-07
0.011627240782706581
1.9542970648030309e-06
0.01163665696641485
3.7458944442283497e-06
0.011648726722139437
5.6203619967073947e-06
0.011666973728941512
7.2495760826237647e-06
0.011689661317590038
8.4206713126319474e-06
0.011708235349179683
8.1901463201260165e-06
0.011727814147337409
6.7390696616398118e-06
0.011602678027553857
-5.2392171807923093e-06
0.011609173486188193
-2.7547214501825667e-06
0.011598650218597602
-2.7913387475564404e-06
0.011598350307891999
-3.4193309251951173e-06
0.011604713212839089
2.4952865606193434e-07
0.011609519145788956
-2.976162733593498e-06
0.011617100366632823
-3.9164148486353893e-07
0.011612192356223594
-1.1698735924605406e-06
0.011611910285132612
-1.3681090475097283e-06
0.011613202812727557
-7.7269620440378762e-07
0.011614365471854734
-4.9541363482680566e-07
0.011614543682424469
-2.6501840654691987e-07
0.011614487269859856
1.5230231027384872e-06
0.011615771313015982
-8.1033266172203513e-07
0.011615829698282204
-5.901520305795675e-07
0.011615257683386157
3.245104393834076e-07
0.011619347597603927
1.5825119268398155e-06
0.011616521396964286
-2.0040591021372211e-06
0.011623648915765863
1.1805155209317095e-06
0.011620792308368212
4.9582923619902812e-07
0.011614406251028518
-6.9629827330397354e-07
0.01161279198756298
-2.1543718401200038e-06
0.011612381326214307
-2.1763627338846987e-07
0.011619614460092336
1.1175257996370706e-06
0.011617577830078472
-1.3681658838024522e-06
0.011613674880737387
-5.0425411410757951e-07
0.011618086558290715
-1.7742426930901134e-06
0.011624682622245152
1.0713962865746546e-06
0.011629035027365776
5.4449365420132586e-07
0.011621104742828433
-2.5594996598705342e-06
0.011624953850055533
-3.8886375541291649e-06
0.011657378004726441
-4.7702592016044345e-07
0.011675325612796474
-3.5097183539361125e-06
0.011706735942985505
-5.9043336666339664e-06
0.022842039211342625
-2.1115395699364202e-06
0.022841345883762899
-1.617348844748669e-06
0.022830666018476282
-1.974894681555937e-06
0.022830720465894225
-1.8545122794437055e-06
0.022831026699761586
-1.3488309994785309e-06
0.02283183798264422
-1.1882256344530457e-06
0.022831704451224941
-1.0467144851668617e-06
0.022834470867169224
-8.5019957707767195e-07
0.022833520284557297
-8.9256760537678201e-07
0.022833187734720914
-6.7521783117070943e-07
0.022834822447487014
-4.1270279640447265e-07
0.022834667720916503
1.6776149233723818e-08
0.022835903420854044
2.9163053928365727e-07
0.022837494838622865
6.5398791062228518e-08
0.022837674875338783
2.219747896103894e-08
0.022838596891698253
4.1468575781894399e-07
0.022840731009944239
7.0107752707257628e-07
0.022841536311209634
4.0037464492777074e-07
0.022842741982483896
3.3103232957186556e-07
0.022844418091130789
2.3082862509825333e-07
0.022845976245988137
-3.4507427185974579e-07
0.022846981971825435
-7.5249555984682276e-07
0.022848040469088473
-3.2970569086693726e-07
0.022849929174572105
1.711649630977821e-07
0.022851768861472201
9.1833446232644708e-08
0.022853336564094912
-1.1780201987828149e-07
0.022853800942665203
-1.7706033420226188e-07
0.022851747417602451
-3.9464108530718565e-09
0.022849333567139564
-3.9733796983206956e-07
0.022845301455021026
-1.7148239009443318e-06
0.022838548793810576
-3.4447235263885906e-06
0.022829465995615562
-5.1903110897916954e-06
0.022817350081668044
-7.5445195732867241e-06
0.022800188326316619
-9.8087974066992157e-06
0.022826309817643321
1.1852257454873783e-06
0.022823446537302179
6.661486099641091e-07
0.022817160066140707
1.3964180109461498e-07
0.022814515046224722
-9.5691035874415895e-08
0.022813641743762068
-7.3742430474050298e-08
0.022810221103993555
7.2556808272174342e-08
0.022809169714427008
1.2938937677728524e-08
0.022806826797377576
1.1456337751500218e-07
0.022805317240942626
1.4743069667157052e-07
0.022803978655461063
2.2050079130047745e-07
0.022803504356757962
2.5641344831577406e-07
0.022803656856836375
4.3420311605724099e-07
0.02280293725011831
5.145977712691952e-07
0.022802105382318919
5.2395743533171965e-07
0.022801288249389384
4.9872223060450682e-07
0.022800509890021151
5.7473273617413868e-07
0.022800048996645991
6.6970252169492156e-07
0.02279912729702397
5.6427769254898832e-07
0.022798320750621822
3.8010025611124099e-07
0.02279839856926456
1.8828516785329235e-07
0.022797190428781887
-9.2844917165186167e-08
0.022796494528549927
-2.5095135189058885e-07
0.022795862613601069
-1.668407839642165e-07
0.022795162429802902
8.8180333505071856e-09
0.022794873051669509
5.2119928036017273e-08
0.022794315484090822
6.9227939536952668e-08
0.022793756220403086
2.2424063581580899e-07
0.022792973365320657
6.7984057639895088e-07
0.022791623912370787
1.5436112248675377e-06
0.02278907385358794
2.9084689970923375e-06
0.022784271688944844
4.8971574366268616e-06
0.022776594077534924
7.2782967668138731e-06
0.022766411608150322
9.2821455862480947e-06
0.02275407636056424
1.0324605773995278e-05
0.011599129010117813
3.0848086299562464e-06
0.011599616662089696
2.1770139213533272e-06
0.01160087163117534
7.7727562532560618e-07
0.011603503675042563
5.1522501621049654e-07
0.01160767700672543
8.2146206813237318e-09
0.011604998904755852
4.8309867659540259e-07
0.01160648402767105
-1.0683667979152618e-07
0.011607192394374122
4.0826274626828433e-07
0.0116076696578555
3.5700143609535908e-07
0.011606587588655244
5.7087061452209251e-07
0.011608340696744325
-2.5508546805627699e-07
0.011609209470856223
6.2024433867415354e-07
0.011611455414690539
4.482609990980179e-08
0.011612145804589746
4.5213284378432895e-07
0.011614692181935077
2.7517220136911635e-07
0.011616082369989976
1.0912071889777963e-07
0.011615068434420631
6.8588542600744758e-07
0.011615938589824354
1.8527106180718669e-07
0.011618115003161591
-8.7225793527879135e-09
0.011617917961812383
1.5145440063032743e-07
0.011619296674096226
-2.2050140296574379e-08
0.011619650235500316
-2.7489582651479853e-08
0.011619850290371415
-3.5771216865506e-08
0.011620925354567713
1.3088956903559482e-08
0.01162165864687513
9.4719056910008054e-08
0.011622191121000807
1.3779100906899224e-07
0.011621784773042305
1.6680427842096314e-07
0.011622429413799299
2.5383307544496565e-07
0.011625903871073527
8.7634633038772034e-07
0.011629269042357799
1.7369711087136848e-06
0.011636934683639064
2.945728181834779e-06
0.011648956588201531
4.5271340217327503e-06
0.01165905296468419
5.4859214999679448e-06
0.011673718204531228
5.6658836685723731e-06
0.011602677963861174
-5.2391471282196257e-06
0.011609173152436241
-2.7545562689299541e-06
0.011598649351019598
-2.791057172441169e-06
0.011598348556345249
-3.4188955229317041e-06
0.011604710103355115
2.50160399343627e-07
0.011609514053106344
-2.9752593597725633e-06
0.011617092433617705
-3.9040021305356317e-07
0.011612180550896994
-1.1681822832442668e-06
0.011611893172331675
-1.3658449664269344e-06
0.011613178625121552
-7.6973286507275189e-07
0.011614332053579649
-4.9161161347244646e-07
0.011614498472560367
-2.6025028398031748e-07
0.01161442739318801
1.5288374108416467e-06
0.011615693445979656
-8.0332781951851589e-07
0.011615730410377934
-5.8198673804857433e-07
0.011615133313024009
3.3374686890836735e-07
0.011619194806255631
1.5925597342582151e-06
0.01161633807638458
-1.9934417553283995e-06
0.011623433379328909
1.1908707705973009e-06
0.011620546492936664
5.0516063648484958e-07
0.01161413460891924
-6.8911440676520824e-07
0.011612501885145168
-2.150901808893994e-06
0.011612087326555004
-2.2130342331495145e-07
0.011619341932703696
1.1004767523102464e-06
0.011617364860631354
-1.4051160940552215e-06
0.011613552796049968
-5.536275761989249e-07
0.011618005263208416
-1.7815553208371095e-06
0.011624348956510693
1.2498694468080999e-06
0.011627662479699324
1.1371215897264201e-06
0.011617335700527243
-1.2830289679119908e-06
0.011616811296778433
-1.7479921290880169e-06
0.01164251946369398
2.4459448096689841e-06
0.011652278754875876
-2.2436265037783568e-07
0.011674853445975804
-2.7592701646466806e-06
0.022842039185488206
-2.111346257431116e-06
0.022841345747856883
-1.6168714882362505e-06
0.022830665652689944
-1.9740419109844923e-06
0.022830719708088067
-1.8531476414083258e-06
0.022831025318550604
-1.3467691038778033e-06
0.022831835658183974
-1.1852221791318532e-06
0.022831700746904448
-1.0424598704784651e-06
0.022834465197076641
-8.443115235221364e-07
0.022833511882095339
-8.845921349436772e-07
0.022833175570453244
-6.646365730645751e-07
0.022834805279908776
-3.989312887529503e-07
0.022834644017435131
3.4339250915985401e-08
0.022835871327144319
3.1356797569983761e-07
0.022837452200999604
9.220291107237255e-08
0.022837619263539194
5.4153334641286794e-08
0.022838525676401163
4.5174772587706838e-07
0.022840641468050087
7.427339687002418e-07
0.022841425790409327
4.454561445386497e-07
0.022842608523690258
3.7752184222526748e-07
0.022844260441055714
2.7567829249701298e-07
0.022845794394017623
-3.0610049113756461e-07
0.022846777294335954
-7.2522462896375561e-07
0.022847814744911953
-3.2218293101616598e-07
0.022849681809282256
1.4880095041533248e-07
0.022851495157304849
3.2192689984907722e-08
0.022853041317747513
-2.0078032384549284e-07
0.022853558653475877
-2.0889499076995433e-07
0.022851837995298763
2.0135794015201064e-07
0.022850436387909425
3.6977840101851094e-07
0.022848647608525268
2.9227478976270158e-08
0.022845869200112404
-3.6835884656490427e-07
0.022842630623096664
-7.0214500222498434e-07
0.022837768463145478
-2.0109584134443837e-06
0.022828087029841331
-4.0288488114952589e-06
0.022826309844396472
1.185418417952873e-06
0.022823446675046467
6.6662543888485239e-07
0.022817160431002369
1.4049448851359836e-07
0.022814515801587207
-9.4327702880052568e-08
0.022813643117348927
-7.168335189263058e-08
0.022810223430111756
7.5552689840382599e-08
0.022809173442051307
1.7179115799626162e-08
0.022806832500117002
1.2043231547576409e-07
0.022805325686471693
1.5538269276943155e-07
0.022803990831805718
2.3105780364144252e-07
0.022803521511059729
2.7015182527881336e-07
0.022803680508496411
4.5172477392866329e-07
0.022802969310002606
5.3647436763888386e-07
0.02280214810374102
5.5066632919549194e-07
0.022801344036941604
5.305548842767844e-07
0.022800581242947614
6.1165767631430576e-07
0.022800138561741332
7.1120669814649595e-07
0.022799237559919867
6.0918914037860194e-07
0.022798453761943657
4.2641401013940723e-07
0.022798555608629936
2.3301855384249062e-07
0.022797371550010433
-5.3646923556646206e-08
0.022796697174082798
-2.2177365683463819e-07
0.022796079769207188
-1.5170554457043196e-07
0.022795379638284562
7.5777465887961781e-09
0.022795066049638067
3.0854362537612926e-08
0.022794462978638567
6.5693742450515245e-09
0.022793897611789724
4.2805308682604685e-08
0.022793337790269815
1.8829253706935219e-07
0.022792822093987392
4.1608851346279098e-07
0.02279226534614278
7.5979644236011767e-07
0.022791168404991312
1.4730217403823901e-06
0.022789066346616663
2.6481120830917074e-06
0.022785899667305799
3.9444719422902606e-06
0.022780979445884225
5.0999768370236111e-06
0.011599129073499453
3.0848801838495072e-06
0.011599616995383019
2.1771785925251515e-06
0.011600872499719419
7.7755382726327614e-07
0.011603505428215796
5.156512787538091e-07
0.011607680115745065
8.8397387711170049e-09
0.011605003995942633
4.8399269219764276e-07
0.011606491950189443
-1.0559158973870974e-07
0.011607204235776662
4.099598325327469e-07
0.011607686802119408
3.5925724310350907e-07
0.011606611765065791
5.7381343183428386e-07
0.011608374059163807
-2.5133073712427407e-07
0.011609254548937419
6.2496038044039361e-07
0.011611515266120739
5.0621118818168167e-08
0.01161222376708332
4.5910764519039577e-07
0.011614791833267323
2.8332699549230088e-07
0.011616207045408829
1.1834067478880031e-07
0.011615221169831644
6.9597569059631522e-07
0.0116161217963348
1.9579414520868728e-07
0.011618329804352245
1.6235853867210086e-09
0.011618163279228839
1.6076429808104016e-07
0.011619569172378988
-1.4925292788661495e-08
0.011619943130343285
-2.35870444855709e-08
0.01162015470850308
-3.486682906536933e-08
0.011621234533399501
1.4067595364408899e-08
0.011621970479871797
1.004844030510575e-07
0.01162249252890272
1.415957073217557e-07
0.011621980458914763
1.1774759598214668e-07
0.011622175683426194
1.0272397588347476e-08
0.011624379884556705
1.93434865874564e-07
0.011625028391868254
3.495706824509243e-07
0.011628007037376896
7.2076882388181448e-07
0.011633324042648975
1.5841907649465466e-06
0.011635461849580152
2.2384286819771522e-06
0.011642111815617463
2.6879209955306036e-06
